%%MatrixMarket matrix coordinate real symmetric
%=================================================================================
%
% This ASCII file represents a sparse MxN matrix with L
% nonzeros in the following Matrix Market format:
%
% +----------------------------------------------+
% |%%MatrixMarket matrix coordinate real general | <--- header line
% |%                                             | <--+
% |% comments                                    |    |-- 0 or more comment lines
% |%                                             | <--+
% |    M  N  L                                   | <--- rows, columns, entries
% |    I1  J1  A(I1, J1)                         | <--+
% |    I2  J2  A(I2, J2)                         |    |
% |    I3  J3  A(I3, J3)                         |    |-- L lines
% |        . . .                                 |    |
% |    IL JL  A(IL, JL)                          | <--+
% +----------------------------------------------+
%
% Indices are 1-based, i.e. A(1,1) is the first element.
%
%=================================================================================
  40  40  461
    1     1   0.0
    1     2   0.035622763565516295
    1     3   0.003130029125383355
    1     4   -0.10362873109313556
    1     5   -0.010709635287759724
    1     6   -0.1061896419998069
    1     7   -0.00643648187651635
    1     8   -0.05997394934115374
    1     9   0.14220242229369978
    1     10   0.020181044715508436
    1     11   -0.09150431933179423
    1     12   -0.07849035517699175
    1     13   -0.11548468156561847
    1     14   0.019490619140500223
    1     15   0.12873866370329098
    1     16   0.08194671374125295
    1     17   -0.005718285577990603
    1     18   -0.12557555813423335
    1     19   -0.018327021522883596
    1     20   -0.016848233753184273
    1     21   -0.024741502120604518
    1     22   0.004426133553094672
    1     23   -0.02395192870970412
    1     24   -0.07758264238574819
    1     25   -0.1554406779800108
    1     26   -0.103951130093997
    1     27   0.015609802371121235
    1     28   0.07339478020388122
    1     29   0.07506396777785541
    1     30   -0.016050529376905213
    1     31   0.03671977457854131
    1     32   -0.028548187998897634
    1     33   0.04775195020795847
    1     34   -0.058843973366041614
    1     35   -0.09553091871164003
    1     36   -0.005992123110618817
    1     37   -0.04186632387818794
    1     38   -0.1217475733186997
    1     39   -0.001813751857943875
    1     40   -0.00213083109785613
    2     2   0.0
    2     3   0.017832969982437608
    2     4   0.021617075983921312
    2     5   0.049766976511729254
    2     6   0.09288425723664069
    2     7   0.06730871585652473
    2     8   0.016993290018760165
    2     9   0.06424151996699685
    2     10   -0.07307007450994239
    2     11   0.09563474310206055
    2     12   0.07961746785910766
    2     13   -0.014144631993043572
    2     14   -0.051072572495663694
    2     15   0.008345981245060797
    2     16   -0.08227959853810063
    2     17   0.13819813189336624
    2     18   -0.07106796766997878
    2     19   0.022042107827025478
    2     20   -0.07834627720880377
    2     21   -0.026884601904730757
    2     22   0.003000109466907747
    2     23   0.07707014051215222
    2     24   0.029302194384320197
    2     25   -0.045265769701663905
    2     26   0.084230153799334
    2     27   -0.007109896122748683
    2     28   -0.03942254250944962
    2     29   -0.009399387890698552
    2     30   0.07276605394352069
    2     31   0.0681675824527228
    2     32   0.0453956340525374
    2     33   -0.013941249349303695
    2     34   0.04589468554394012
    2     35   -0.0343962480775606
    2     36   0.09332740192623262
    2     37   -0.006931750860241036
    2     38   -0.04461484535101454
    2     39   0.04120818480884944
    2     40   -0.038125754500902304
    3     3   0.0
    3     4   -0.01002041928595796
    3     5   -0.004067292694805931
    3     6   -0.0189835826187202
    3     7   -0.017544682255005935
    3     8   -0.006680656427463023
    3     9   0.026196829028277985
    3     10   -0.023937164905282114
    3     11   -0.07007466055839003
    3     12   -0.1619578440485034
    3     13   -0.024229785892937464
    3     14   0.007426467418122452
    3     15   -0.0214971691163182
    3     16   -0.06479213729179377
    3     17   0.03193288840758506
    3     18   0.08233677742585839
    3     19   -0.037114153909437404
    3     20   0.01514308458659649
    3     21   0.010660460195443578
    3     22   0.041388898596839196
    3     23   -0.013726229706478424
    3     24   -0.020682369750448994
    3     25   0.10894831731522432
    3     26   -0.06143981187277534
    3     27   -0.06931762592462058
    3     28   0.04647624272038143
    3     29   0.02104341584078492
    3     30   -0.13576847100451225
    3     31   -0.03944041976623829
    3     32   0.050958646098861776
    3     33   -0.10700682686281311
    3     34   -0.023663506783152904
    3     35   -0.004469663654239375
    3     36   -0.005424404558480255
    3     37   -0.06772655455827992
    3     38   0.03718031501571477
    3     39   -0.04009051800934918
    3     40   0.11803256475098145
    4     4   0.0
    4     5   0.08880807391189452
    4     6   -0.18045096100859503
    4     7   0.06029597557373663
    4     8   -0.07131413040302607
    4     9   -0.012729905227134939
    4     10   -0.025144085189736112
    4     11   -0.05125339801264912
    4     12   -0.048277508757933935
    4     13   0.06160736685670892
    4     14   0.025113363841297216
    4     15   0.010903102190646278
    4     16   -0.11871983955736015
    4     17   0.05819523263648057
    4     18   -0.1073058060757593
    4     19   -0.1504307538288356
    4     20   -0.06807996364261389
    4     21   -0.06194581980981191
    4     22   0.020390212009948186
    4     23   -0.09105958347375828
    4     24   -0.0785248153105505
    4     25   -0.21883951653497183
    4     26   -0.014160885186950647
    4     27   0.09025994309014916
    4     28   0.09079421565352194
    4     29   -0.09501129587690145
    4     30   -0.049190168058902244
    4     31   0.02628524231357135
    4     32   -0.03940631027990855
    4     33   0.051342955850053884
    4     34   -0.08632746674416363
    4     35   -0.09316968855299962
    4     36   -0.037888029156885494
    4     37   -0.13193562768368003
    4     38   -0.006027027746371778
    4     39   -0.09185252273417549
    4     40   -0.042403537000504546
    5     5   0.0
    5     6   -0.004890307184451378
    5     7   -0.23784292728088646
    5     8   0.07265988054434759
    5     9   0.05594079560134599
    5     10   0.07153278683617635
    5     11   0.2238050536200396
    5     12   -0.15093918336560716
    5     13   0.043345049920227065
    5     14   0.0841978267370514
    5     15   0.0512762283447353
    5     16   -0.05206400813125246
    5     17   0.01834023136358236
    5     18   0.12135859320020735
    5     19   -0.040605416532468346
    5     20   0.2056769037643616
    5     21   0.12356320426439847
    5     22   -0.05749275408114764
    5     23   -0.05775295381051816
    5     24   -0.11658937494860389
    5     25   0.1279201078346381
    5     26   -0.07206443380283029
    5     27   -0.04999375689746805
    5     28   -0.09815215235330661
    5     29   0.10138309396614242
    5     30   -0.049839295108272966
    5     31   0.15897266728436635
    5     32   0.0926730499939389
    5     33   -0.0865640045922303
    5     34   -0.036090803961532796
    5     35   -0.003665364597044744
    5     36   -0.06860539879261407
    5     37   0.10198809442311463
    5     38   -0.0849187086023941
    5     39   -0.0393999991555799
    5     40   0.03551465192656232
    6     6   0.0
    6     7   -0.029946736298804684
    6     8   -0.045677107279402926
    6     9   0.001942005726680579
    6     10   0.04950344381561055
    6     11   -0.059298797144076154
    6     12   -0.12300203736468199
    6     13   0.03986947999163322
    6     14   0.043558441005413416
    6     15   -0.027478162975553295
    6     16   0.008177374388887538
    6     17   -0.043534146554554995
    6     18   -0.01854271402060458
    6     19   -0.06551678560302963
    6     20   -0.011043542325494107
    6     21   -0.011167064798230378
    6     22   -0.019440803780002514
    6     23   -0.14336347143470637
    6     24   -0.07428225337671539
    6     25   -0.10332588413632826
    6     26   -0.0753756335558366
    6     27   0.04398431603464864
    6     28   0.03393264259366422
    6     29   -0.000854926890587114
    6     30   -0.009945269255536737
    6     31   -0.000466050335508234
    6     32   -0.062018367941809927
    6     33   0.000372330197194432
    6     34   -0.11409245309521719
    6     35   -0.0684387441083576
    6     36   -0.0779381382974359
    6     37   -0.05153007301581819
    6     38   0.03965140490998595
    6     39   -0.040349807406515864
    6     40   -0.054396155742702956
    7     7   0.0
    7     8   0.07673659045191134
    7     9   -0.046691943741186036
    7     10   0.09272528059472354
    7     11   0.030310193648470676
    7     12   -0.13346668793063665
    7     13   0.04183086489041174
    7     14   0.07288052169257238
    7     15   0.08594481104996499
    7     16   0.034039657800947136
    7     17   -0.05570089331443571
    7     18   0.20122813370171852
    7     19   -0.09807374629902424
    7     20   0.21913813355745682
    7     21   0.07921645614309487
    7     22   0.01102813292212057
    7     23   0.016170814970172958
    7     24   -0.08166105457670801
    7     25   0.08650297041231714
    7     26   -0.12275885629694915
    7     27   -0.06332523289743607
    7     28   -0.099441271761488
    7     29   0.10245305401681562
    7     30   0.06075472074423471
    7     31   0.047425612990812514
    7     32   0.015085013541460633
    7     33   -0.08168939186487566
    7     34   -0.08145772172465932
    7     35   0.06467510139932757
    7     36   -0.09487172265229413
    7     37   0.0727218711843066
    7     38   -0.08267159948394875
    7     39   -0.10332166236820693
    7     40   0.09583716981558289
    8     8   0.0
    8     9   0.06489292577129156
    8     10   -0.03096653521598447
    8     11   -0.03635753634204933
    8     12   0.01880739514565162
    8     13   0.061218644928728694
    8     14   -0.08990215030210373
    8     15   -0.000603915840746803
    8     16   0.0146699981162404
    8     17   0.007608612691268554
    8     18   -0.11877903640986937
    8     19   -0.005550506636555212
    8     20   -0.08445376381557218
    8     21   0.006728707440490949
    8     22   0.015218939470425753
    8     23   -0.06389526973815421
    8     24   -0.17013585458489058
    8     25   -0.16974835092800622
    8     26   -0.03858504207527513
    8     27   0.030969650806113847
    8     28   0.043297569124636226
    8     29   0.043109497881370334
    8     30   -0.05515006512056138
    8     31   -0.07195468711413394
    8     32   0.002186013734510885
    8     33   -0.03260054294558889
    8     34   0.06939733412599723
    8     35   -0.040108763084148305
    8     36   0.001420176220944617
    8     37   -3.7224855449976e-05
    8     38   0.0738558249921723
    8     39   0.12115213097654157
    8     40   0.014855169937774719
    9     9   0.0
    9     10   0.04034209344389282
    9     11   -0.1012282708625749
    9     12   0.14726080299726896
    9     13   0.16729732173968476
    9     14   0.05069685848395568
    9     15   -0.008291126828355018
    9     16   0.03722342793026145
    9     17   -0.22613064667368993
    9     18   0.1447893719668769
    9     19   -0.10888851138981935
    9     20   0.0757527823616237
    9     21   -0.02007684242891109
    9     22   0.08920870471123571
    9     23   0.09043481617547314
    9     24   0.10495124101832604
    9     25   0.05828900700646981
    9     26   0.02008819269679976
    9     27   0.02642479394085261
    9     28   -0.01724355335275719
    9     29   -0.17394736111248693
    9     30   0.05137978487247629
    9     31   -0.1544495477678305
    9     32   -0.13722435026752364
    9     33   0.09761925557896903
    9     34   0.022798131267546103
    9     35   0.16609412694124145
    9     36   -0.07457903127129083
    9     37   -0.002832438267944035
    9     38   0.036754669404918616
    9     39   -0.13007312912554297
    9     40   0.024420228388424472
    10     10   0.0
    10     11   0.018826308511259996
    10     12   0.003724724304209157
    10     13   0.01716713294373376
    10     14   -0.045233167724504725
    10     15   -0.018853811326833867
    10     16   -0.11162098298943401
    10     17   0.12483224966992507
    10     18   -0.0608180628538629
    10     19   -0.01610422992857979
    10     20   -0.11265048339541095
    10     21   -0.008582938041198678
    10     22   0.08049575569353805
    10     23   0.06287559956961362
    10     24   -0.009002485709785547
    10     25   -0.007448656707897937
    10     26   0.05051974995423521
    10     27   -0.01980168864969996
    10     28   0.025849146687953302
    10     29   -0.01841188262037672
    10     30   -0.09576335888953649
    10     31   -0.005654027456560982
    10     32   0.06084928074854532
    10     33   -0.03797601629247338
    10     34   0.06839672072274004
    10     35   -0.012760119653234328
    10     36   0.04466357379806318
    10     37   -0.08769997375186689
    10     38   -0.035691113689991304
    10     39   0.018738026993386715
    10     40   0.025385697688337136
    11     11   0.0
    11     12   -0.06832623181029977
    11     13   -0.16291816865753633
    11     14   -0.018448892502877106
    11     15   0.06571388353494508
    11     16   0.22322185030173386
    11     17   -0.12107494077235106
    11     18   0.10038723146264124
    11     19   -0.05167673908581225
    11     20   -0.030263737298219087
    11     21   -0.0874220924050343
    11     22   0.17755564442604196
    11     23   0.1278869105374595
    11     24   0.08139954485434747
    11     25   -0.023233273181624523
    11     26   -0.13979847865683298
    11     27   -0.034703674338299746
    11     28   0.14735743488454628
    11     29   0.05871689263358764
    11     30   -0.018281868972568213
    11     31   -0.2802411061258249
    11     32   -0.09638142200467777
    11     33   0.032827381533511175
    11     34   -0.0794248155371555
    11     35   0.12625645233385446
    11     36   -0.07971203991733176
    11     37   -0.1542471164766048
    11     38   -0.022993242795227367
    11     39   -0.12326284713557173
    11     40   0.2062202665838377
    12     12   0.0
    12     13   -0.08304827584814778
    12     14   0.06503299503082559
    12     15   -0.037129817123268086
    12     16   -0.1232775896351172
    12     17   0.11919481536064194
    12     18   0.1706429235120372
    12     19   -0.07378582999938826
    12     20   0.0831641120459637
    12     21   0.06485062080467074
    12     22   0.030053284281875328
    12     23   -0.11665598031059972
    12     24   -0.10386829812440586
    12     25   0.20618611278985838
    12     26   -0.16639911890417983
    12     27   -0.12896837276344164
    12     28   0.061031609047769435
    12     29   0.13580278516751104
    12     30   -0.26605557424279896
    12     31   0.03507321516034926
    12     32   0.13907917530549832
    12     33   -0.23639103513797366
    12     34   -0.13621630737132448
    12     35   -0.06298047397803136
    12     36   -0.06954966342927311
    12     37   -0.11805662575882188
    12     38   0.015617428437807668
    12     39   -0.09890920341659948
    12     40   0.1913668191128498
    13     13   0.0
    13     14   0.015439998240067249
    13     15   0.06658054918138916
    13     16   0.10538592226555117
    13     17   0.05809820588674887
    13     18   -0.025372184694387498
    13     19   0.10257084758876521
    13     20   0.021000591517859296
    13     21   -0.05671854445874663
    13     22   -0.06568923256858121
    13     23   0.017656680069646317
    13     24   0.10946659217007892
    13     25   0.04528504130287174
    13     26   -0.038578423936139854
    13     27   -0.025359328435048917
    13     28   0.09923923747220915
    13     29   0.0882010786819106
    13     30   -0.006318955786843519
    13     31   0.0385615865989602
    13     32   0.041634961699482914
    13     33   0.03356350910342971
    13     34   -0.08700331704157546
    13     35   -0.05350192254172381
    13     36   0.054174846468594696
    13     37   -0.022709982742426013
    13     38   -0.05188889966149283
    13     39   -0.024433800967646926
    13     40   0.06580057419975589
    14     14   0.0
    14     15   -0.03310784852096783
    14     16   0.02479184199382398
    14     17   0.07100865792018686
    14     18   -0.06320060294064657
    14     19   0.04967195831078375
    14     20   -0.10527658221153086
    14     21   -0.003390121681504831
    14     22   0.026191737330281545
    14     23   0.02608926386107063
    14     24   -0.04923761974616851
    14     25   -0.0862074094061932
    14     26   0.031180964490019433
    14     27   0.002201517159293711
    14     28   -0.026875507035210713
    14     29   0.062075166077867096
    14     30   0.05601323220176812
    14     31   -0.045273733160279245
    14     32   0.019591371351547995
    14     33   -0.040044066113392236
    14     34   0.062573537173361
    14     35   0.00407217220389271
    14     36   0.03232398632941035
    14     37   0.008486939586370408
    14     38   0.03430683733704961
    14     39   0.10883212731371975
    14     40   -0.01437441456081813
    15     15   0.0
    15     16   -0.05862538610170386
    15     17   0.07308475614128222
    15     18   0.025620163700383964
    15     19   0.09699398727502762
    15     20   -0.11568432153772784
    15     21   0.023929331557598417
    15     22   -0.04262914028865102
    15     23   -0.1256900508910078
    15     24   0.03889058003429392
    15     25   0.09680346794574876
    15     26   0.09599823795124462
    15     27   0.01604995474776482
    15     28   -0.036335266683662125
    15     29   -0.003290570225169357
    15     30   -0.034914316847506774
    15     31   -0.018932203059103574
    15     32   0.037097004066266814
    15     33   -0.07355946733962353
    15     34   -0.001793929497356428
    15     35   -0.002826530192043358
    15     36   -0.022944144165061756
    15     37   -0.013637393976878708
    15     38   0.1774352969003334
    15     39   0.07952604481636028
    15     40   -0.09956840860390902
    16     16   0.0
    16     17   0.228545487107961
    16     18   -0.002269568997630512
    16     19   -0.13130336423228423
    16     20   -0.011779759595059745
    16     21   0.020546132709577405
    16     22   0.008006538113076533
    16     23   -0.05142589281875468
    16     24   -0.06553135128672065
    16     25   0.0643409118810908
    16     26   0.0720973946908287
    16     27   -0.012729561549936716
    16     28   0.034311332858379597
    16     29   -0.1139083763707423
    16     30   -0.23250955742058102
    16     31   0.13798815537545367
    16     32   0.15249169879504199
    16     33   -0.10496303033247652
    16     34   0.016426298758203183
    16     35   -0.08159379872941595
    16     36   0.03828777601856315
    16     37   -0.1095984637165654
    16     38   0.014276523492421509
    16     39   -0.08033742235802527
    16     40   0.048126882298166536
    17     17   0.0
    17     18   0.07394551305837709
    17     19   0.014758706409130979
    17     20   0.13383937137504665
    17     21   -0.026033842883936165
    17     22   -0.03266295463753951
    17     23   -0.00038051133620858
    17     24   0.09553984015824807
    17     25   0.07724582304445934
    17     26   -0.10038531560360633
    17     27   -0.007181931591178455
    17     28   0.02605255626820906
    17     29   -0.14337082215448665
    17     30   0.06701071080203287
    17     31   -0.1805899306967144
    17     32   -0.23591194621910472
    17     33   0.12949653743926978
    17     34   0.025936641976777492
    17     35   0.07436797698497004
    17     36   -0.01169278872446171
    17     37   0.11869238884191605
    17     38   0.09714075515141023
    17     39   -0.007818162267296825
    17     40   -0.004328891486851492
    18     18   0.0
    18     19   0.0771204874637717
    18     20   -0.18991697526971307
    18     21   -0.053572120242640034
    18     22   -0.054064065281635154
    18     23   -0.04196304078614478
    18     24   -0.04160877803612332
    18     25   -0.26673452912347606
    18     26   0.09193847801076194
    18     27   0.1101294538500594
    18     28   0.05172062743125801
    18     29   -0.039428237622238634
    18     30   0.02855876408965769
    18     31   0.0758620279775783
    18     32   -0.02487029591804829
    18     33   0.13291972287544332
    18     34   0.07473781291970932
    18     35   -0.13724039780390512
    18     36   0.08746452070954663
    18     37   -0.006993614937001297
    18     38   -0.041986340004049744
    18     39   0.14468333273175413
    18     40   -0.18325813489391515
    19     19   0.0
    19     20   0.09113223988165231
    19     21   -0.002379183757051576
    19     22   0.1066035954970233
    19     23   0.05053432746964973
    19     24   -0.09003400303706045
    19     25   -0.059511412019377666
    19     26   -0.06917870630912558
    19     27   -0.001650474868621517
    19     28   0.03618061497002873
    19     29   -0.06572428081428255
    19     30   -0.08279575676003235
    19     31   -0.0072378539570395
    19     32   0.005093410704608753
    19     33   -0.016537225846405563
    19     34   -0.04053703603377754
    19     35   0.032799676600236444
    19     36   -0.06473474257052829
    19     37   -0.09581020412294416
    19     38   -0.08547326136730804
    19     39   -0.1758266844692926
    19     40   0.1281240657715242
    20     20   0.0
    20     21   -0.038377313156624904
    20     22   0.0938899605742661
    20     23   0.030029673730700965
    20     24   0.022163326738503523
    20     25   -0.12509868219005746
    20     26   0.10856707698139212
    20     27   0.030881369651215032
    20     28   0.005273714715379643
    20     29   0.014504996932605797
    20     30   0.005140302223690984
    20     31   -0.056235027339151866
    20     32   -0.005841358912338754
    20     33   0.00544284399130796
    20     34   0.07963555499818237
    20     35   -0.04041556429014891
    20     36   0.04497817059672049
    20     37   -0.11295954269131732
    20     38   -0.00458057194925862
    20     39   0.13690472726936684
    20     40   -0.13735729080905149
    21     21   0.0
    21     22   -0.018125811659553955
    21     23   0.018550224892299315
    21     24   0.07738001687696507
    21     25   -0.07277195720773581
    21     26   0.019935429957134723
    21     27   0.031751847888887984
    21     28   0.05222611154882393
    21     29   -0.0729249875400833
    21     30   0.06418522101408555
    21     31   -0.022794846293985125
    21     32   -0.060032034040985206
    21     33   0.0711341921965207
    21     34   -0.028979502016439996
    21     35   -0.027882230798771158
    21     36   0.04747297612728524
    21     37   -0.03055813683000393
    21     38   0.016876203610639594
    21     39   -0.025815669237163948
    21     40   -0.023225094579459083
    22     22   0.0
    22     23   -0.19996156881203953
    22     24   0.020368256118110627
    22     25   -0.01792104496789516
    22     26   0.03796471233539052
    22     27   0.06663784671327948
    22     28   -0.008955546736740707
    22     29   -0.038765390419381415
    22     30   0.10570550196697337
    22     31   0.1440289623361046
    22     32   -0.007875696105001077
    22     33   0.04325774410613914
    22     34   -0.06937070717128488
    22     35   -0.12451174797676534
    22     36   0.06446127387867559
    22     37   0.15862420418286335
    22     38   0.1623244915008763
    22     39   0.07348504038718422
    22     40   -0.12653804064042368
    23     23   0.0
    23     24   -0.08386658471664822
    23     25   -0.021469274395485526
    23     26   -0.00899232647934461
    23     27   0.06519453468832406
    23     28   0.029329417768412015
    23     29   -0.01064663170880483
    23     30   -0.05444664070127883
    23     31   0.08904120560076935
    23     32   0.016931299408416492
    23     33   -0.03326483590562015
    23     34   -0.08763082057810664
    23     35   -0.1337230365190885
    23     36   -0.022164097730453924
    23     37   0.06261621878135586
    23     38   0.20637670207806216
    23     39   0.06622360817361947
    23     40   -0.1017568792142094
    24     24   0.0
    24     25   -0.15122190865925067
    24     26   -0.0878007740003231
    24     27   0.005002545137631645
    24     28   -0.022992362340502004
    24     29   0.12396799879641276
    24     30   -0.07564250771094695
    24     31   0.037906211967579845
    24     32   0.08041399984119735
    24     33   -0.11283064315039876
    24     34   0.022895558406481924
    24     35   -0.04523566947123217
    24     36   -0.05832403212025631
    24     37   0.015974667408063418
    24     38   -0.011732840102823336
    24     39   0.06242721958894204
    24     40   0.05536710436360344
    25     25   0.0
    25     26   0.029243101123359386
    25     27   0.16532783472164234
    25     28   -0.004560820370609284
    25     29   0.021808660458003573
    25     30   0.2397540877553643
    25     31   0.045708563303473906
    25     32   -0.08162327289478095
    25     33   0.1419970581841343
    25     34   -0.015641986300689647
    25     35   -0.08439356417124114
    25     36   -0.000623573094089556
    25     37   0.006453927559577415
    25     38   -0.07405230890629365
    25     39   0.06965711529872697
    25     40   -0.15737369720348623
    26     26   0.0
    26     27   -0.0691284758584959
    26     28   0.037598885675015174
    26     29   0.07756640469208553
    26     30   -0.05807226770963119
    26     31   -0.06221795359853715
    26     32   -0.020474709030598257
    26     33   -0.07119932877560345
    26     34   -0.05600247764241535
    26     35   0.004132297752495454
    26     36   -0.04505852570000248
    26     37   -0.008346175852385163
    26     38   -0.021306183882046616
    26     39   -0.04998936124128725
    26     40   0.14187410935498845
    27     27   0.0
    27     28   -0.015427804472167121
    27     29   0.056388793393721805
    27     30   -0.07437179634321099
    27     31   -0.042563739590763844
    27     32   0.03883196150179269
    27     33   -0.12251745073297467
    27     34   0.01699578294250674
    27     35   0.02705668557987171
    27     36   0.020240439263081254
    27     37   -0.021253181397229304
    27     38   -0.019265508694804687
    27     39   -0.008640003822978408
    27     40   0.11750323544345474
    28     28   0.0
    28     29   0.08032115638606205
    28     30   0.2045457067782954
    28     31   0.05251235367256209
    28     32   -0.005575198331023702
    28     33   -0.05294301471440225
    28     34   0.01231669350507264
    28     35   0.03825313169955976
    28     36   -0.012643808546269947
    28     37   0.09993143629164375
    28     38   -0.024363135400985825
    28     39   0.06569845956322755
    28     40   -0.09881438391436909
    29     29   0.0
    29     30   -0.06114874536138107
    29     31   -0.018464630487875208
    29     32   -0.09640375845292495
    29     33   0.132470651576952
    29     34   0.03445028711243427
    29     35   -0.017729879809203007
    29     36   0.060559170121449096
    29     37   -0.023693277283233165
    29     38   0.07899114198558854
    29     39   -0.0803441771617917
    29     40   -0.04831661972307205
    30     30   0.0
    30     31   -0.04114965299314996
    30     32   0.16282449506304916
    30     33   -0.0992966723363028
    30     34   0.07419548901682058
    30     35   -0.018096868835952185
    30     36   -0.0369636091655362
    30     37   -0.18276677239538083
    30     38   0.009467334785688432
    30     39   -0.08131286626024022
    30     40   0.2247586237052035
    31     31   0.0
    31     32   -0.0981094535950986
    31     33   -0.00533604307744581
    31     34   0.06142542396145766
    31     35   0.12715511204131374
    31     36   -0.038209339865185335
    31     37   -0.05490283606865823
    31     38   0.07058688926976543
    31     39   0.005841402345978786
    31     40   0.10827922251026212
    32     32   0.0
    32     33   0.12135340442382801
    32     34   -0.011536351938522378
    32     35   0.021906548727893944
    32     36   0.004202276387075881
    32     37   0.04258678868804961
    32     38   0.031222572695385982
    32     39   0.00170899831676673
    32     40   -0.08962089798242623
    33     33   0.0
    33     34   -0.008335632111064183
    33     35   -0.009293365676423438
    33     36   -0.005722750696392762
    33     37   -0.026967614956407288
    33     38   0.06320677659053571
    33     39   0.03537705080629314
    33     40   0.12267627818292262
    34     34   0.0
    34     35   -0.04258323016549678
    34     36   -0.04981773819747509
    34     37   -0.02082935595328846
    34     38   0.012279560044747662
    34     39   -0.10685360553240926
    34     40   6.587342370468e-06
    35     35   0.0
    35     36   0.07668605353471644
    35     37   0.006600750950946199
    35     38   0.04295778885324668
    35     39   0.06029427724584533
    35     40   -0.08690842086121718
    36     36   0.0
    36     37   -0.03268070795633204
    36     38   -0.034775569238842424
    36     39   -0.07311994860907474
    36     40   0.03321989774389916
    37     37   0.0
    37     38   -0.08237239625923422
    37     39   -0.10794104188416996
    37     40   0.08712642800513078
    38     38   0.0
    38     39   -0.10042827972068445
    38     40   0.03522566355890826
    39     39   0.0
    39     40   0.13442430671726752
    40     40   0.0
