%%MatrixMarket matrix coordinate real symmetric
%=================================================================================
%
% This ASCII file represents a sparse MxN matrix with L
% nonzeros in the following Matrix Market format:
%
% +----------------------------------------------+
% |%%MatrixMarket matrix coordinate real general | <--- header line
% |%                                             | <--+
% |% comments                                    |    |-- 0 or more comment lines
% |%                                             | <--+
% |    M  N  L                                   | <--- rows, columns, entries
% |    I1  J1  A(I1, J1)                         | <--+
% |    I2  J2  A(I2, J2)                         |    |
% |    I3  J3  A(I3, J3)                         |    |-- L lines
% |        . . .                                 |    |
% |    IL JL  A(IL, JL)                          | <--+
% +----------------------------------------------+
%
% Indices are 1-based, i.e. A(1,1) is the first element.
%
%=================================================================================
  40  40  820
    1     1   0.0
    2     1   0.035622763565516295
    3     1   0.003130029125383355
    4     1   -0.10362873109313556
    5     1   -0.010709635287759724
    6     1   -0.1061896419998069
    7     1   -0.00643648187651635
    8     1   -0.05997394934115374
    9     1   0.14220242229369978
    10     1   0.020181044715508436
    11     1   -0.09150431933179423
    12     1   -0.07849035517699175
    13     1   -0.11548468156561847
    14     1   0.019490619140500223
    15     1   0.12873866370329098
    16     1   0.08194671374125295
    17     1   -0.005718285577990603
    18     1   -0.12557555813423335
    19     1   -0.018327021522883596
    20     1   -0.016848233753184273
    21     1   -0.024741502120604518
    22     1   0.004426133553094672
    23     1   -0.02395192870970412
    24     1   -0.07758264238574819
    25     1   -0.1554406779800108
    26     1   -0.103951130093997
    27     1   0.015609802371121235
    28     1   0.07339478020388122
    29     1   0.07506396777785541
    30     1   -0.016050529376905213
    31     1   0.03671977457854131
    32     1   -0.028548187998897634
    33     1   0.04775195020795847
    34     1   -0.058843973366041614
    35     1   -0.09553091871164003
    36     1   -0.005992123110618817
    37     1   -0.04186632387818794
    38     1   -0.1217475733186997
    39     1   -0.001813751857943875
    40     1   -0.00213083109785613
    2     2   0.0
    3     2   0.017832969982437608
    4     2   0.021617075983921312
    5     2   0.049766976511729254
    6     2   0.09288425723664069
    7     2   0.06730871585652473
    8     2   0.016993290018760165
    9     2   0.06424151996699685
    10     2   -0.07307007450994239
    11     2   0.09563474310206055
    12     2   0.07961746785910766
    13     2   -0.014144631993043572
    14     2   -0.051072572495663694
    15     2   0.008345981245060797
    16     2   -0.08227959853810063
    17     2   0.13819813189336624
    18     2   -0.07106796766997878
    19     2   0.022042107827025478
    20     2   -0.07834627720880377
    21     2   -0.026884601904730757
    22     2   0.003000109466907747
    23     2   0.07707014051215222
    24     2   0.029302194384320197
    25     2   -0.045265769701663905
    26     2   0.084230153799334
    27     2   -0.007109896122748683
    28     2   -0.03942254250944962
    29     2   -0.009399387890698552
    30     2   0.07276605394352069
    31     2   0.0681675824527228
    32     2   0.0453956340525374
    33     2   -0.013941249349303695
    34     2   0.04589468554394012
    35     2   -0.0343962480775606
    36     2   0.09332740192623262
    37     2   -0.006931750860241036
    38     2   -0.04461484535101454
    39     2   0.04120818480884944
    40     2   -0.038125754500902304
    3     3   0.0
    4     3   -0.01002041928595796
    5     3   -0.004067292694805931
    6     3   -0.0189835826187202
    7     3   -0.017544682255005935
    8     3   -0.006680656427463023
    9     3   0.026196829028277985
    10     3   -0.023937164905282114
    11     3   -0.07007466055839003
    12     3   -0.1619578440485034
    13     3   -0.024229785892937464
    14     3   0.007426467418122452
    15     3   -0.0214971691163182
    16     3   -0.06479213729179377
    17     3   0.03193288840758506
    18     3   0.08233677742585839
    19     3   -0.037114153909437404
    20     3   0.01514308458659649
    21     3   0.010660460195443578
    22     3   0.041388898596839196
    23     3   -0.013726229706478424
    24     3   -0.020682369750448994
    25     3   0.10894831731522432
    26     3   -0.06143981187277534
    27     3   -0.06931762592462058
    28     3   0.04647624272038143
    29     3   0.02104341584078492
    30     3   -0.13576847100451225
    31     3   -0.03944041976623829
    32     3   0.050958646098861776
    33     3   -0.10700682686281311
    34     3   -0.023663506783152904
    35     3   -0.004469663654239375
    36     3   -0.005424404558480255
    37     3   -0.06772655455827992
    38     3   0.03718031501571477
    39     3   -0.04009051800934918
    40     3   0.11803256475098145
    4     4   0.0
    5     4   0.08880807391189452
    6     4   -0.18045096100859503
    7     4   0.06029597557373663
    8     4   -0.07131413040302607
    9     4   -0.012729905227134939
    10     4   -0.025144085189736112
    11     4   -0.05125339801264912
    12     4   -0.048277508757933935
    13     4   0.06160736685670892
    14     4   0.025113363841297216
    15     4   0.010903102190646278
    16     4   -0.11871983955736015
    17     4   0.05819523263648057
    18     4   -0.1073058060757593
    19     4   -0.1504307538288356
    20     4   -0.06807996364261389
    21     4   -0.06194581980981191
    22     4   0.020390212009948186
    23     4   -0.09105958347375828
    24     4   -0.0785248153105505
    25     4   -0.21883951653497183
    26     4   -0.014160885186950647
    27     4   0.09025994309014916
    28     4   0.09079421565352194
    29     4   -0.09501129587690145
    30     4   -0.049190168058902244
    31     4   0.02628524231357135
    32     4   -0.03940631027990855
    33     4   0.051342955850053884
    34     4   -0.08632746674416363
    35     4   -0.09316968855299962
    36     4   -0.037888029156885494
    37     4   -0.13193562768368003
    38     4   -0.006027027746371778
    39     4   -0.09185252273417549
    40     4   -0.042403537000504546
    5     5   0.0
    6     5   -0.004890307184451378
    7     5   -0.23784292728088646
    8     5   0.07265988054434759
    9     5   0.05594079560134599
    10     5   0.07153278683617635
    11     5   0.2238050536200396
    12     5   -0.15093918336560716
    13     5   0.043345049920227065
    14     5   0.0841978267370514
    15     5   0.0512762283447353
    16     5   -0.05206400813125246
    17     5   0.01834023136358236
    18     5   0.12135859320020735
    19     5   -0.040605416532468346
    20     5   0.2056769037643616
    21     5   0.12356320426439847
    22     5   -0.05749275408114764
    23     5   -0.05775295381051816
    24     5   -0.11658937494860389
    25     5   0.1279201078346381
    26     5   -0.07206443380283029
    27     5   -0.04999375689746805
    28     5   -0.09815215235330661
    29     5   0.10138309396614242
    30     5   -0.049839295108272966
    31     5   0.15897266728436635
    32     5   0.0926730499939389
    33     5   -0.0865640045922303
    34     5   -0.036090803961532796
    35     5   -0.003665364597044744
    36     5   -0.06860539879261407
    37     5   0.10198809442311463
    38     5   -0.0849187086023941
    39     5   -0.0393999991555799
    40     5   0.03551465192656232
    6     6   0.0
    7     6   -0.029946736298804684
    8     6   -0.045677107279402926
    9     6   0.001942005726680579
    10     6   0.04950344381561055
    11     6   -0.059298797144076154
    12     6   -0.12300203736468199
    13     6   0.03986947999163322
    14     6   0.043558441005413416
    15     6   -0.027478162975553295
    16     6   0.008177374388887538
    17     6   -0.043534146554554995
    18     6   -0.01854271402060458
    19     6   -0.06551678560302963
    20     6   -0.011043542325494107
    21     6   -0.011167064798230378
    22     6   -0.019440803780002514
    23     6   -0.14336347143470637
    24     6   -0.07428225337671539
    25     6   -0.10332588413632826
    26     6   -0.0753756335558366
    27     6   0.04398431603464864
    28     6   0.03393264259366422
    29     6   -0.000854926890587114
    30     6   -0.009945269255536737
    31     6   -0.000466050335508234
    32     6   -0.062018367941809927
    33     6   0.000372330197194432
    34     6   -0.11409245309521719
    35     6   -0.0684387441083576
    36     6   -0.0779381382974359
    37     6   -0.05153007301581819
    38     6   0.03965140490998595
    39     6   -0.040349807406515864
    40     6   -0.054396155742702956
    7     7   0.0
    8     7   0.07673659045191134
    9     7   -0.046691943741186036
    10     7   0.09272528059472354
    11     7   0.030310193648470676
    12     7   -0.13346668793063665
    13     7   0.04183086489041174
    14     7   0.07288052169257238
    15     7   0.08594481104996499
    16     7   0.034039657800947136
    17     7   -0.05570089331443571
    18     7   0.20122813370171852
    19     7   -0.09807374629902424
    20     7   0.21913813355745682
    21     7   0.07921645614309487
    22     7   0.01102813292212057
    23     7   0.016170814970172958
    24     7   -0.08166105457670801
    25     7   0.08650297041231714
    26     7   -0.12275885629694915
    27     7   -0.06332523289743607
    28     7   -0.099441271761488
    29     7   0.10245305401681562
    30     7   0.06075472074423471
    31     7   0.047425612990812514
    32     7   0.015085013541460633
    33     7   -0.08168939186487566
    34     7   -0.08145772172465932
    35     7   0.06467510139932757
    36     7   -0.09487172265229413
    37     7   0.0727218711843066
    38     7   -0.08267159948394875
    39     7   -0.10332166236820693
    40     7   0.09583716981558289
    8     8   0.0
    9     8   0.06489292577129156
    10     8   -0.03096653521598447
    11     8   -0.03635753634204933
    12     8   0.01880739514565162
    13     8   0.061218644928728694
    14     8   -0.08990215030210373
    15     8   -0.000603915840746803
    16     8   0.0146699981162404
    17     8   0.007608612691268554
    18     8   -0.11877903640986937
    19     8   -0.005550506636555212
    20     8   -0.08445376381557218
    21     8   0.006728707440490949
    22     8   0.015218939470425753
    23     8   -0.06389526973815421
    24     8   -0.17013585458489058
    25     8   -0.16974835092800622
    26     8   -0.03858504207527513
    27     8   0.030969650806113847
    28     8   0.043297569124636226
    29     8   0.043109497881370334
    30     8   -0.05515006512056138
    31     8   -0.07195468711413394
    32     8   0.002186013734510885
    33     8   -0.03260054294558889
    34     8   0.06939733412599723
    35     8   -0.040108763084148305
    36     8   0.001420176220944617
    37     8   -3.7224855449976e-05
    38     8   0.0738558249921723
    39     8   0.12115213097654157
    40     8   0.014855169937774719
    9     9   0.0
    10     9   0.04034209344389282
    11     9   -0.1012282708625749
    12     9   0.14726080299726896
    13     9   0.16729732173968476
    14     9   0.05069685848395568
    15     9   -0.008291126828355018
    16     9   0.03722342793026145
    17     9   -0.22613064667368993
    18     9   0.1447893719668769
    19     9   -0.10888851138981935
    20     9   0.0757527823616237
    21     9   -0.02007684242891109
    22     9   0.08920870471123571
    23     9   0.09043481617547314
    24     9   0.10495124101832604
    25     9   0.05828900700646981
    26     9   0.02008819269679976
    27     9   0.02642479394085261
    28     9   -0.01724355335275719
    29     9   -0.17394736111248693
    30     9   0.05137978487247629
    31     9   -0.1544495477678305
    32     9   -0.13722435026752364
    33     9   0.09761925557896903
    34     9   0.022798131267546103
    35     9   0.16609412694124145
    36     9   -0.07457903127129083
    37     9   -0.002832438267944035
    38     9   0.036754669404918616
    39     9   -0.13007312912554297
    40     9   0.024420228388424472
    10     10   0.0
    11     10   0.018826308511259996
    12     10   0.003724724304209157
    13     10   0.01716713294373376
    14     10   -0.045233167724504725
    15     10   -0.018853811326833867
    16     10   -0.11162098298943401
    17     10   0.12483224966992507
    18     10   -0.0608180628538629
    19     10   -0.01610422992857979
    20     10   -0.11265048339541095
    21     10   -0.008582938041198678
    22     10   0.08049575569353805
    23     10   0.06287559956961362
    24     10   -0.009002485709785547
    25     10   -0.007448656707897937
    26     10   0.05051974995423521
    27     10   -0.01980168864969996
    28     10   0.025849146687953302
    29     10   -0.01841188262037672
    30     10   -0.09576335888953649
    31     10   -0.005654027456560982
    32     10   0.06084928074854532
    33     10   -0.03797601629247338
    34     10   0.06839672072274004
    35     10   -0.012760119653234328
    36     10   0.04466357379806318
    37     10   -0.08769997375186689
    38     10   -0.035691113689991304
    39     10   0.018738026993386715
    40     10   0.025385697688337136
    11     11   0.0
    12     11   -0.06832623181029977
    13     11   -0.16291816865753633
    14     11   -0.018448892502877106
    15     11   0.06571388353494508
    16     11   0.22322185030173386
    17     11   -0.12107494077235106
    18     11   0.10038723146264124
    19     11   -0.05167673908581225
    20     11   -0.030263737298219087
    21     11   -0.0874220924050343
    22     11   0.17755564442604196
    23     11   0.1278869105374595
    24     11   0.08139954485434747
    25     11   -0.023233273181624523
    26     11   -0.13979847865683298
    27     11   -0.034703674338299746
    28     11   0.14735743488454628
    29     11   0.05871689263358764
    30     11   -0.018281868972568213
    31     11   -0.2802411061258249
    32     11   -0.09638142200467777
    33     11   0.032827381533511175
    34     11   -0.0794248155371555
    35     11   0.12625645233385446
    36     11   -0.07971203991733176
    37     11   -0.1542471164766048
    38     11   -0.022993242795227367
    39     11   -0.12326284713557173
    40     11   0.2062202665838377
    12     12   0.0
    13     12   -0.08304827584814778
    14     12   0.06503299503082559
    15     12   -0.037129817123268086
    16     12   -0.1232775896351172
    17     12   0.11919481536064194
    18     12   0.1706429235120372
    19     12   -0.07378582999938826
    20     12   0.0831641120459637
    21     12   0.06485062080467074
    22     12   0.030053284281875328
    23     12   -0.11665598031059972
    24     12   -0.10386829812440586
    25     12   0.20618611278985838
    26     12   -0.16639911890417983
    27     12   -0.12896837276344164
    28     12   0.061031609047769435
    29     12   0.13580278516751104
    30     12   -0.26605557424279896
    31     12   0.03507321516034926
    32     12   0.13907917530549832
    33     12   -0.23639103513797366
    34     12   -0.13621630737132448
    35     12   -0.06298047397803136
    36     12   -0.06954966342927311
    37     12   -0.11805662575882188
    38     12   0.015617428437807668
    39     12   -0.09890920341659948
    40     12   0.1913668191128498
    13     13   0.0
    14     13   0.015439998240067249
    15     13   0.06658054918138916
    16     13   0.10538592226555117
    17     13   0.05809820588674887
    18     13   -0.025372184694387498
    19     13   0.10257084758876521
    20     13   0.021000591517859296
    21     13   -0.05671854445874663
    22     13   -0.06568923256858121
    23     13   0.017656680069646317
    24     13   0.10946659217007892
    25     13   0.04528504130287174
    26     13   -0.038578423936139854
    27     13   -0.025359328435048917
    28     13   0.09923923747220915
    29     13   0.0882010786819106
    30     13   -0.006318955786843519
    31     13   0.0385615865989602
    32     13   0.041634961699482914
    33     13   0.03356350910342971
    34     13   -0.08700331704157546
    35     13   -0.05350192254172381
    36     13   0.054174846468594696
    37     13   -0.022709982742426013
    38     13   -0.05188889966149283
    39     13   -0.024433800967646926
    40     13   0.06580057419975589
    14     14   0.0
    15     14   -0.03310784852096783
    16     14   0.02479184199382398
    17     14   0.07100865792018686
    18     14   -0.06320060294064657
    19     14   0.04967195831078375
    20     14   -0.10527658221153086
    21     14   -0.003390121681504831
    22     14   0.026191737330281545
    23     14   0.02608926386107063
    24     14   -0.04923761974616851
    25     14   -0.0862074094061932
    26     14   0.031180964490019433
    27     14   0.002201517159293711
    28     14   -0.026875507035210713
    29     14   0.062075166077867096
    30     14   0.05601323220176812
    31     14   -0.045273733160279245
    32     14   0.019591371351547995
    33     14   -0.040044066113392236
    34     14   0.062573537173361
    35     14   0.00407217220389271
    36     14   0.03232398632941035
    37     14   0.008486939586370408
    38     14   0.03430683733704961
    39     14   0.10883212731371975
    40     14   -0.01437441456081813
    15     15   0.0
    16     15   -0.05862538610170386
    17     15   0.07308475614128222
    18     15   0.025620163700383964
    19     15   0.09699398727502762
    20     15   -0.11568432153772784
    21     15   0.023929331557598417
    22     15   -0.04262914028865102
    23     15   -0.1256900508910078
    24     15   0.03889058003429392
    25     15   0.09680346794574876
    26     15   0.09599823795124462
    27     15   0.01604995474776482
    28     15   -0.036335266683662125
    29     15   -0.003290570225169357
    30     15   -0.034914316847506774
    31     15   -0.018932203059103574
    32     15   0.037097004066266814
    33     15   -0.07355946733962353
    34     15   -0.001793929497356428
    35     15   -0.002826530192043358
    36     15   -0.022944144165061756
    37     15   -0.013637393976878708
    38     15   0.1774352969003334
    39     15   0.07952604481636028
    40     15   -0.09956840860390902
    16     16   0.0
    17     16   0.228545487107961
    18     16   -0.002269568997630512
    19     16   -0.13130336423228423
    20     16   -0.011779759595059745
    21     16   0.020546132709577405
    22     16   0.008006538113076533
    23     16   -0.05142589281875468
    24     16   -0.06553135128672065
    25     16   0.0643409118810908
    26     16   0.0720973946908287
    27     16   -0.012729561549936716
    28     16   0.034311332858379597
    29     16   -0.1139083763707423
    30     16   -0.23250955742058102
    31     16   0.13798815537545367
    32     16   0.15249169879504199
    33     16   -0.10496303033247652
    34     16   0.016426298758203183
    35     16   -0.08159379872941595
    36     16   0.03828777601856315
    37     16   -0.1095984637165654
    38     16   0.014276523492421509
    39     16   -0.08033742235802527
    40     16   0.048126882298166536
    17     17   0.0
    18     17   0.07394551305837709
    19     17   0.014758706409130979
    20     17   0.13383937137504665
    21     17   -0.026033842883936165
    22     17   -0.03266295463753951
    23     17   -0.00038051133620858
    24     17   0.09553984015824807
    25     17   0.07724582304445934
    26     17   -0.10038531560360633
    27     17   -0.007181931591178455
    28     17   0.02605255626820906
    29     17   -0.14337082215448665
    30     17   0.06701071080203287
    31     17   -0.1805899306967144
    32     17   -0.23591194621910472
    33     17   0.12949653743926978
    34     17   0.025936641976777492
    35     17   0.07436797698497004
    36     17   -0.01169278872446171
    37     17   0.11869238884191605
    38     17   0.09714075515141023
    39     17   -0.007818162267296825
    40     17   -0.004328891486851492
    18     18   0.0
    19     18   0.0771204874637717
    20     18   -0.18991697526971307
    21     18   -0.053572120242640034
    22     18   -0.054064065281635154
    23     18   -0.04196304078614478
    24     18   -0.04160877803612332
    25     18   -0.26673452912347606
    26     18   0.09193847801076194
    27     18   0.1101294538500594
    28     18   0.05172062743125801
    29     18   -0.039428237622238634
    30     18   0.02855876408965769
    31     18   0.0758620279775783
    32     18   -0.02487029591804829
    33     18   0.13291972287544332
    34     18   0.07473781291970932
    35     18   -0.13724039780390512
    36     18   0.08746452070954663
    37     18   -0.006993614937001297
    38     18   -0.041986340004049744
    39     18   0.14468333273175413
    40     18   -0.18325813489391515
    19     19   0.0
    20     19   0.09113223988165231
    21     19   -0.002379183757051576
    22     19   0.1066035954970233
    23     19   0.05053432746964973
    24     19   -0.09003400303706045
    25     19   -0.059511412019377666
    26     19   -0.06917870630912558
    27     19   -0.001650474868621517
    28     19   0.03618061497002873
    29     19   -0.06572428081428255
    30     19   -0.08279575676003235
    31     19   -0.0072378539570395
    32     19   0.005093410704608753
    33     19   -0.016537225846405563
    34     19   -0.04053703603377754
    35     19   0.032799676600236444
    36     19   -0.06473474257052829
    37     19   -0.09581020412294416
    38     19   -0.08547326136730804
    39     19   -0.1758266844692926
    40     19   0.1281240657715242
    20     20   0.0
    21     20   -0.038377313156624904
    22     20   0.0938899605742661
    23     20   0.030029673730700965
    24     20   0.022163326738503523
    25     20   -0.12509868219005746
    26     20   0.10856707698139212
    27     20   0.030881369651215032
    28     20   0.005273714715379643
    29     20   0.014504996932605797
    30     20   0.005140302223690984
    31     20   -0.056235027339151866
    32     20   -0.005841358912338754
    33     20   0.00544284399130796
    34     20   0.07963555499818237
    35     20   -0.04041556429014891
    36     20   0.04497817059672049
    37     20   -0.11295954269131732
    38     20   -0.00458057194925862
    39     20   0.13690472726936684
    40     20   -0.13735729080905149
    21     21   0.0
    22     21   -0.018125811659553955
    23     21   0.018550224892299315
    24     21   0.07738001687696507
    25     21   -0.07277195720773581
    26     21   0.019935429957134723
    27     21   0.031751847888887984
    28     21   0.05222611154882393
    29     21   -0.0729249875400833
    30     21   0.06418522101408555
    31     21   -0.022794846293985125
    32     21   -0.060032034040985206
    33     21   0.0711341921965207
    34     21   -0.028979502016439996
    35     21   -0.027882230798771158
    36     21   0.04747297612728524
    37     21   -0.03055813683000393
    38     21   0.016876203610639594
    39     21   -0.025815669237163948
    40     21   -0.023225094579459083
    22     22   0.0
    23     22   -0.19996156881203953
    24     22   0.020368256118110627
    25     22   -0.01792104496789516
    26     22   0.03796471233539052
    27     22   0.06663784671327948
    28     22   -0.008955546736740707
    29     22   -0.038765390419381415
    30     22   0.10570550196697337
    31     22   0.1440289623361046
    32     22   -0.007875696105001077
    33     22   0.04325774410613914
    34     22   -0.06937070717128488
    35     22   -0.12451174797676534
    36     22   0.06446127387867559
    37     22   0.15862420418286335
    38     22   0.1623244915008763
    39     22   0.07348504038718422
    40     22   -0.12653804064042368
    23     23   0.0
    24     23   -0.08386658471664822
    25     23   -0.021469274395485526
    26     23   -0.00899232647934461
    27     23   0.06519453468832406
    28     23   0.029329417768412015
    29     23   -0.01064663170880483
    30     23   -0.05444664070127883
    31     23   0.08904120560076935
    32     23   0.016931299408416492
    33     23   -0.03326483590562015
    34     23   -0.08763082057810664
    35     23   -0.1337230365190885
    36     23   -0.022164097730453924
    37     23   0.06261621878135586
    38     23   0.20637670207806216
    39     23   0.06622360817361947
    40     23   -0.1017568792142094
    24     24   0.0
    25     24   -0.15122190865925067
    26     24   -0.0878007740003231
    27     24   0.005002545137631645
    28     24   -0.022992362340502004
    29     24   0.12396799879641276
    30     24   -0.07564250771094695
    31     24   0.037906211967579845
    32     24   0.08041399984119735
    33     24   -0.11283064315039876
    34     24   0.022895558406481924
    35     24   -0.04523566947123217
    36     24   -0.05832403212025631
    37     24   0.015974667408063418
    38     24   -0.011732840102823336
    39     24   0.06242721958894204
    40     24   0.05536710436360344
    25     25   0.0
    26     25   0.029243101123359386
    27     25   0.16532783472164234
    28     25   -0.004560820370609284
    29     25   0.021808660458003573
    30     25   0.2397540877553643
    31     25   0.045708563303473906
    32     25   -0.08162327289478095
    33     25   0.1419970581841343
    34     25   -0.015641986300689647
    35     25   -0.08439356417124114
    36     25   -0.000623573094089556
    37     25   0.006453927559577415
    38     25   -0.07405230890629365
    39     25   0.06965711529872697
    40     25   -0.15737369720348623
    26     26   0.0
    27     26   -0.0691284758584959
    28     26   0.037598885675015174
    29     26   0.07756640469208553
    30     26   -0.05807226770963119
    31     26   -0.06221795359853715
    32     26   -0.020474709030598257
    33     26   -0.07119932877560345
    34     26   -0.05600247764241535
    35     26   0.004132297752495454
    36     26   -0.04505852570000248
    37     26   -0.008346175852385163
    38     26   -0.021306183882046616
    39     26   -0.04998936124128725
    40     26   0.14187410935498845
    27     27   0.0
    28     27   -0.015427804472167121
    29     27   0.056388793393721805
    30     27   -0.07437179634321099
    31     27   -0.042563739590763844
    32     27   0.03883196150179269
    33     27   -0.12251745073297467
    34     27   0.01699578294250674
    35     27   0.02705668557987171
    36     27   0.020240439263081254
    37     27   -0.021253181397229304
    38     27   -0.019265508694804687
    39     27   -0.008640003822978408
    40     27   0.11750323544345474
    28     28   0.0
    29     28   0.08032115638606205
    30     28   0.2045457067782954
    31     28   0.05251235367256209
    32     28   -0.005575198331023702
    33     28   -0.05294301471440225
    34     28   0.01231669350507264
    35     28   0.03825313169955976
    36     28   -0.012643808546269947
    37     28   0.09993143629164375
    38     28   -0.024363135400985825
    39     28   0.06569845956322755
    40     28   -0.09881438391436909
    29     29   0.0
    30     29   -0.06114874536138107
    31     29   -0.018464630487875208
    32     29   -0.09640375845292495
    33     29   0.132470651576952
    34     29   0.03445028711243427
    35     29   -0.017729879809203007
    36     29   0.060559170121449096
    37     29   -0.023693277283233165
    38     29   0.07899114198558854
    39     29   -0.0803441771617917
    40     29   -0.04831661972307205
    30     30   0.0
    31     30   -0.04114965299314996
    32     30   0.16282449506304916
    33     30   -0.0992966723363028
    34     30   0.07419548901682058
    35     30   -0.018096868835952185
    36     30   -0.0369636091655362
    37     30   -0.18276677239538083
    38     30   0.009467334785688432
    39     30   -0.08131286626024022
    40     30   0.2247586237052035
    31     31   0.0
    32     31   -0.0981094535950986
    33     31   -0.00533604307744581
    34     31   0.06142542396145766
    35     31   0.12715511204131374
    36     31   -0.038209339865185335
    37     31   -0.05490283606865823
    38     31   0.07058688926976543
    39     31   0.005841402345978786
    40     31   0.10827922251026212
    32     32   0.0
    33     32   0.12135340442382801
    34     32   -0.011536351938522378
    35     32   0.021906548727893944
    36     32   0.004202276387075881
    37     32   0.04258678868804961
    38     32   0.031222572695385982
    39     32   0.00170899831676673
    40     32   -0.08962089798242623
    33     33   0.0
    34     33   -0.008335632111064183
    35     33   -0.009293365676423438
    36     33   -0.005722750696392762
    37     33   -0.026967614956407288
    38     33   0.06320677659053571
    39     33   0.03537705080629314
    40     33   0.12267627818292262
    34     34   0.0
    35     34   -0.04258323016549678
    36     34   -0.04981773819747509
    37     34   -0.02082935595328846
    38     34   0.012279560044747662
    39     34   -0.10685360553240926
    40     34   6.587342370468e-06
    35     35   0.0
    36     35   0.07668605353471644
    37     35   0.006600750950946199
    38     35   0.04295778885324668
    39     35   0.06029427724584533
    40     35   -0.08690842086121718
    36     36   0.0
    37     36   -0.03268070795633204
    38     36   -0.034775569238842424
    39     36   -0.07311994860907474
    40     36   0.03321989774389916
    37     37   0.0
    38     37   -0.08237239625923422
    39     37   -0.10794104188416996
    40     37   0.08712642800513078
    38     38   0.0
    39     38   -0.10042827972068445
    40     38   0.03522566355890826
    39     39   0.0
    40     39   0.13442430671726752
    40     40   0.0
