    1     1   3.2512012947612785
    2     1   0.14249105426206518
    3     1   0.01252011650153342
    4     1   -0.4145149243725422
    5     1   -0.0428385411510389
    6     1   -0.4247585679992276
    7     1   -0.0257459275060654
    8     1   -0.23989579736461497
    9     1   0.5688096891747991
    10     1   0.08072417886203374
    11     1   -0.3660172773271769
    12     1   -0.313961420707967
    13     1   -0.4619387262624739
    14     1   0.07796247656200089
    15     1   0.5149546548131639
    16     1   0.3277868549650118
    17     1   -0.022873142311962413
    18     1   -0.5023022325369334
    19     1   -0.07330808609153439
    20     1   -0.06739293501273709
    21     1   -0.09896600848241807
    22     1   0.01770453421237869
    23     1   -0.09580771483881648
    24     1   -0.31033056954299276
    25     1   -0.6217627119200432
    26     1   -0.415804520375988
    27     1   0.06243920948448494
    28     1   0.2935791208155249
    29     1   0.30025587111142166
    30     1   -0.06420211750762085
    31     1   0.14687909831416524
    32     1   -0.11419275199559054
    33     1   0.19100780083183388
    34     1   -0.23537589346416646
    35     1   -0.3821236748465601
    36     1   -0.02396849244247527
    37     1   -0.16746529551275177
    38     1   -0.4869902932747988
    39     1   -0.0072550074317755
    40     1   -0.00852332439142452
    2     2   -2.537579893023273
    3     2   0.07133187992975043
    4     2   0.08646830393568525
    5     2   0.19906790604691701
    6     2   0.37153702894656276
    7     2   0.2692348634260989
    8     2   0.06797316007504066
    9     2   0.2569660798679874
    10     2   -0.29228029803976957
    11     2   0.3825389724082422
    12     2   0.31846987143643063
    13     2   -0.05657852797217429
    14     2   -0.20429028998265478
    15     2   0.03338392498024319
    16     2   -0.3291183941524025
    17     2   0.552792527573465
    18     2   -0.2842718706799151
    19     2   0.08816843130810191
    20     2   -0.3133851088352151
    21     2   -0.10753840761892303
    22     2   0.012000437867630989
    23     2   0.3082805620486089
    24     2   0.11720877753728079
    25     2   -0.18106307880665562
    26     2   0.336920615197336
    27     2   -0.02843958449099473
    28     2   -0.15769017003779848
    29     2   -0.03759755156279421
    30     2   0.29106421577408276
    31     2   0.2726703298108912
    32     2   0.1815825362101496
    33     2   -0.05576499739721478
    34     2   0.18357874217576048
    35     2   -0.1375849923102424
    36     2   0.3733096077049305
    37     2   -0.027727003440964144
    38     2   -0.17845938140405815
    39     2   0.16483273923539776
    40     2   -0.15250301800360921
    3     3   1.723872179790045
    4     3   -0.04008167714383184
    5     3   -0.016269170779223723
    6     3   -0.0759343304748808
    7     3   -0.07017872902002374
    8     3   -0.026722625709852094
    9     3   0.10478731611311194
    10     3   -0.09574865962112845
    11     3   -0.2802986422335601
    12     3   -0.6478313761940137
    13     3   -0.09691914357174986
    14     3   0.02970586967248981
    15     3   -0.0859886764652728
    16     3   -0.2591685491671751
    17     3   0.12773155363034025
    18     3   0.32934710970343356
    19     3   -0.14845661563774962
    20     3   0.06057233834638596
    21     3   0.04264184078177431
    22     3   0.16555559438735679
    23     3   -0.054904918825913696
    24     3   -0.08272947900179597
    25     3   0.4357932692608973
    26     3   -0.24575924749110137
    27     3   -0.27727050369848233
    28     3   0.18590497088152572
    29     3   0.08417366336313968
    30     3   -0.543073884018049
    31     3   -0.15776167906495317
    32     3   0.2038345843954471
    33     3   -0.42802730745125245
    34     3   -0.09465402713261162
    35     3   -0.0178786546169575
    36     3   -0.02169761823392102
    37     3   -0.27090621823311967
    38     3   0.14872126006285907
    39     3   -0.16036207203739672
    40     3   0.4721302590039258
    4     4   5.917940145285375
    5     4   0.3552322956475781
    6     4   -0.7218038440343801
    7     4   0.24118390229494652
    8     4   -0.2852565216121043
    9     4   -0.050919620908539756
    10     4   -0.10057634075894445
    11     4   -0.2050135920505965
    12     4   -0.19311003503173574
    13     4   0.2464294674268357
    14     4   0.10045345536518886
    15     4   0.04361240876258511
    16     4   -0.4748793582294406
    17     4   0.23278093054592228
    18     4   -0.4292232243030372
    19     4   -0.6017230153153424
    20     4   -0.27231985457045554
    21     4   -0.24778327923924764
    22     4   0.08156084803979274
    23     4   -0.36423833389503313
    24     4   -0.314099261242202
    25     4   -0.8753580661398873
    26     4   -0.05664354074780259
    27     4   0.36103977236059664
    28     4   0.36317686261408777
    29     4   -0.3800451835076058
    30     4   -0.19676067223560897
    31     4   0.1051409692542854
    32     4   -0.1576252411196342
    33     4   0.20537182340021554
    34     4   -0.3453098669766545
    35     4   -0.3726787542119985
    36     4   -0.15155211662754198
    37     4   -0.5277425107347201
    38     4   -0.02410811098548711
    39     4   -0.36741009093670196
    40     4   -0.16961414800201818
    5     5   -2.0259019954723385
    6     5   -0.01956122873780551
    7     5   -0.9513717091235459
    8     5   0.29063952217739036
    9     5   0.22376318240538395
    10     5   0.2861311473447054
    11     5   0.8952202144801584
    12     5   -0.6037567334624286
    13     5   0.17338019968090826
    14     5   0.3367913069482056
    15     5   0.2051049133789412
    16     5   -0.20825603252500985
    17     5   0.07336092545432944
    18     5   0.4854343728008294
    19     5   -0.16242166612987338
    20     5   0.8227076150574464
    21     5   0.4942528170575939
    22     5   -0.22997101632459055
    23     5   -0.23101181524207265
    24     5   -0.46635749979441554
    25     5   0.5116804313385525
    26     5   -0.28825773521132114
    27     5   -0.1999750275898722
    28     5   -0.39260860941322645
    29     5   0.4055323758645697
    30     5   -0.19935718043309186
    31     5   0.6358906691374654
    32     5   0.3706921999757556
    33     5   -0.3462560183689212
    34     5   -0.14436321584613118
    35     5   -0.014661458388178976
    36     5   -0.2744215951704563
    37     5   0.4079523776924585
    38     5   -0.3396748344095764
    39     5   -0.1575999966223196
    40     5   0.14205860770624928
    6     6   5.150655694594903
    7     6   -0.11978694519521874
    8     6   -0.1827084291176117
    9     6   0.007768022906722316
    10     6   0.1980137752624422
    11     6   -0.23719518857630462
    12     6   -0.49200814945872795
    13     6   0.15947791996653288
    14     6   0.17423376402165366
    15     6   -0.10991265190221318
    16     6   0.03270949755555015
    17     6   -0.17413658621821998
    18     6   -0.07417085608241832
    19     6   -0.26206714241211854
    20     6   -0.04417416930197643
    21     6   -0.044668259192921514
    22     6   -0.07776321512001005
    23     6   -0.5734538857388255
    24     6   -0.29712901350686155
    25     6   -0.41330353654531304
    26     6   -0.3015025342233464
    27     6   0.17593726413859456
    28     6   0.13573057037465688
    29     6   -0.003419707562348456
    30     6   -0.03978107702214695
    31     6   -0.001864201342032936
    32     6   -0.2480734717672397
    33     6   0.001489320788777728
    34     6   -0.45636981238086877
    35     6   -0.2737549764334304
    36     6   -0.3117525531897436
    37     6   -0.20612029206327276
    38     6   0.1586056196399438
    39     6   -0.16139922962606346
    40     6   -0.21758462297081183
    7     7   -0.78962873734249
    8     7   0.30694636180764534
    9     7   -0.18676777496474414
    10     7   0.37090112237889417
    11     7   0.1212407745938827
    12     7   -0.5338667517225466
    13     7   0.16732345956164696
    14     7   0.2915220867702895
    15     7   0.34377924419985995
    16     7   0.13615863120378854
    17     7   -0.22280357325774283
    18     7   0.8049125348068741
    19     7   -0.39229498519609696
    20     7   0.8765525342298273
    21     7   0.3168658245723795
    22     7   0.04411253168848228
    23     7   0.06468325988069183
    24     7   -0.32664421830683205
    25     7   0.34601188164926855
    26     7   -0.4910354251877966
    27     7   -0.25330093158974426
    28     7   -0.397765087045952
    29     7   0.4098122160672625
    30     7   0.24301888297693883
    31     7   0.18970245196325006
    32     7   0.06034005416584253
    33     7   -0.32675756745950263
    34     7   -0.32583088689863726
    35     7   0.2587004055973103
    36     7   -0.3794868906091765
    37     7   0.2908874847372264
    38     7   -0.330686397935795
    39     7   -0.4132866494728277
    40     7   0.38334867926233157
    8     8   1.7467869443238286
    9     8   0.25957170308516625
    10     8   -0.12386614086393788
    11     8   -0.14543014536819732
    12     8   0.07522958058260648
    13     8   0.24487457971491478
    14     8   -0.3596086012084149
    15     8   -0.002415663362987212
    16     8   0.0586799924649616
    17     8   0.030434450765074218
    18     8   -0.47511614563947746
    19     8   -0.02220202654622085
    20     8   -0.3378150552622887
    21     8   0.026914829761963795
    22     8   0.06087575788170301
    23     8   -0.25558107895261684
    24     8   -0.6805434183395623
    25     8   -0.6789934037120249
    26     8   -0.15434016830110053
    27     8   0.12387860322445539
    28     8   0.1731902764985449
    29     8   0.17243799152548134
    30     8   -0.2206002604822455
    31     8   -0.28781874845653577
    32     8   0.00874405493804354
    33     8   -0.13040217178235555
    34     8   0.2775893365039889
    35     8   -0.16043505233659322
    36     8   0.005680704883778468
    37     8   -0.000148899421799904
    38     8   0.2954232999686892
    39     8   0.48460852390616627
    40     8   0.059420679751098875
    9     9   -2.371421803990171
    10     9   0.16136837377557128
    11     9   -0.4049130834502996
    12     9   0.5890432119890758
    13     9   0.669189286958739
    14     9   0.20278743393582271
    15     9   -0.03316450731342007
    16     9   0.1488937117210458
    17     9   -0.9045225866947597
    18     9   0.5791574878675076
    19     9   -0.4355540455592774
    20     9   0.3030111294464948
    21     9   -0.08030736971564437
    22     9   0.35683481884494284
    23     9   0.36173926470189255
    24     9   0.41980496407330414
    25     9   0.23315602802587923
    26     9   0.08035277078719905
    27     9   0.10569917576341044
    28     9   -0.06897421341102876
    29     9   -0.6957894444499477
    30     9   0.20551913948990516
    31     9   -0.617798191071322
    32     9   -0.5488974010700945
    33     9   0.3904770223158761
    34     9   0.09119252507018441
    35     9   0.6643765077649658
    36     9   -0.2983161250851633
    37     9   -0.01132975307177614
    38     9   0.14701867761967446
    39     9   -0.5202925165021719
    40     9   0.09768091355369789
    10     10   -0.077671028757035
    11     10   0.07530523404503998
    12     10   0.014898897216836628
    13     10   0.06866853177493504
    14     10   -0.1809326708980189
    15     10   -0.07541524530733547
    16     10   -0.44648393195773606
    17     10   0.49932899867970026
    18     10   -0.2432722514154516
    19     10   -0.06441691971431916
    20     10   -0.4506019335816438
    21     10   -0.03433175216479471
    22     10   0.3219830227741522
    23     10   0.2515023982784545
    24     10   -0.03600994283914219
    25     10   -0.029794626831591748
    26     10   0.20207899981694083
    27     10   -0.07920675459879983
    28     10   0.10339658675181321
    29     10   -0.07364753048150688
    30     10   -0.38305343555814597
    31     10   -0.022616109826243926
    32     10   0.2433971229941813
    33     10   -0.15190406516989352
    34     10   0.27358688289096017
    35     10   -0.05104047861293731
    36     10   0.17865429519225273
    37     10   -0.35079989500746755
    38     10   -0.14276445475996521
    39     10   0.07495210797354686
    40     10   0.10154279075334854
    11     11   1.1440315118281834
    12     11   -0.2733049272411991
    13     11   -0.6516726746301453
    14     11   -0.07379557001150842
    15     11   0.2628555341397803
    16     11   0.8928874012069354
    17     11   -0.48429976308940426
    18     11   0.40154892585056495
    19     11   -0.206706956343249
    20     11   -0.12105494919287635
    21     11   -0.3496883696201372
    22     11   0.7102225777041679
    23     11   0.511547642149838
    24     11   0.3255981794173899
    25     11   -0.09293309272649809
    26     11   -0.5591939146273319
    27     11   -0.13881469735319898
    28     11   0.5894297395381851
    29     11   0.23486757053435056
    30     11   -0.07312747589027285
    31     11   -1.1209644245032997
    32     11   -0.38552568801871107
    33     11   0.1313095261340447
    34     11   -0.317699262148622
    35     11   0.5050258093354179
    36     11   -0.31884815966932706
    37     11   -0.6169884659064192
    38     11   -0.09197297118090947
    39     11   -0.4930513885422869
    40     11   0.8248810663353509
    12     12   4.07698291253652
    13     12   -0.3321931033925911
    14     12   0.26013198012330235
    15     12   -0.14851926849307234
    16     12   -0.4931103585404688
    17     12   0.47677926144256777
    18     12   0.6825716940481488
    19     12   -0.29514331999755306
    20     12   0.3326564481838548
    21     12   0.259402483218683
    22     12   0.12021313712750131
    23     12   -0.4666239212423989
    24     12   -0.41547319249762343
    25     12   0.8247444511594335
    26     12   -0.6655964756167193
    27     12   -0.5158734910537666
    28     12   0.24412643619107774
    29     12   0.5432111406700442
    30     12   -1.0642222969711959
    31     12   0.14029286064139704
    32     12   0.5563167012219933
    33     12   -0.9455641405518946
    34     12   -0.5448652294852979
    35     12   -0.25192189591212544
    36     12   -0.27819865371709246
    37     12   -0.4722265030352875
    38     12   0.06246971375123067
    39     12   -0.3956368136663979
    40     12   0.7654672764513992
    13     13   -2.150383787706212
    14     13   0.061759992960268996
    15     13   0.2663221967255566
    16     13   0.4215436890622047
    17     13   0.23239282354699548
    18     13   -0.10148873877754999
    19     13   0.41028339035506084
    20     13   0.08400236607143718
    21     13   -0.2268741778349865
    22     13   -0.26275693027432484
    23     13   0.07062672027858527
    24     13   0.4378663686803157
    25     13   0.18114016521148696
    26     13   -0.15431369574455941
    27     13   -0.10143731374019567
    28     13   0.3969569498888366
    29     13   0.3528043147276424
    30     13   -0.025275823147374078
    31     13   0.1542463463958408
    32     13   0.16653984679793166
    33     13   0.13425403641371883
    34     13   -0.34801326816630185
    35     13   -0.21400769016689525
    36     13   0.21669938587437879
    37     13   -0.09083993096970405
    38     13   -0.2075555986459713
    39     13   -0.0977352038705877
    40     13   0.26320229679902357
    14     14   -1.3264148553135646
    15     14   -0.1324313940838713
    16     14   0.09916736797529592
    17     14   0.28403463168074744
    18     14   -0.2528024117625863
    19     14   0.198687833243135
    20     14   -0.4211063288461234
    21     14   -0.013560486726019325
    22     14   0.10476694932112618
    23     14   0.10435705544428252
    24     14   -0.19695047898467405
    25     14   -0.3448296376247728
    26     14   0.12472385796007773
    27     14   0.008806068637174844
    28     14   -0.10750202814084285
    29     14   0.24830066431146838
    30     14   0.22405292880707248
    31     14   -0.18109493264111698
    32     14   0.07836548540619198
    33     14   -0.16017626445356895
    34     14   0.250294148693444
    35     14   0.01628868881557084
    36     14   0.1292959453176414
    37     14   0.03394775834548163
    38     14   0.13722734934819844
    39     14   0.435328509254879
    40     14   -0.05749765824327252
    15     15   -1.5261562529795567
    16     15   -0.23450154440681545
    17     15   0.2923390245651289
    18     15   0.10248065480153586
    19     15   0.38797594910011046
    20     15   -0.46273728615091136
    21     15   0.09571732623039367
    22     15   -0.1705165611546041
    23     15   -0.5027602035640312
    24     15   0.1555623201371757
    25     15   0.38721387178299504
    26     15   0.3839929518049785
    27     15   0.06419981899105928
    28     15   -0.1453410667346485
    29     15   -0.013162280900677429
    30     15   -0.1396572673900271
    31     15   -0.0757288122364143
    32     15   0.14838801626506726
    33     15   -0.2942378693584941
    34     15   -0.007175717989425712
    35     15   -0.011306120768173432
    36     15   -0.09177657666024702
    37     15   -0.05454957590751483
    38     15   0.7097411876013336
    39     15   0.3181041792654411
    40     15   -0.39827363441563607
    16     16   0.97771108406197
    17     16   0.914181948431844
    18     16   -0.009078275990522048
    19     16   -0.5252134569291369
    20     16   -0.04711903838023898
    21     16   0.08218453083830962
    22     16   0.03202615245230613
    23     16   -0.20570357127501873
    24     16   -0.2621254051468826
    25     16   0.2573636475243632
    26     16   0.2883895787633148
    27     16   -0.050918246199746865
    28     16   0.13724533143351839
    29     16   -0.4556335054829692
    30     16   -0.9300382296823241
    31     16   0.5519526215018147
    32     16   0.6099667951801679
    33     16   -0.41985212132990607
    34     16   0.06570519503281273
    35     16   -0.3263751949176638
    36     16   0.1531511040742526
    37     16   -0.4383938548662616
    38     16   0.057106093969686036
    39     16   -0.32134968943210107
    40     16   0.19250752919266614
    17     17   -2.642200320377877
    18     17   0.29578205223350834
    19     17   0.059034825636523916
    20     17   0.5353574855001866
    21     17   -0.10413537153574466
    22     17   -0.13065181855015803
    23     17   -0.00152204534483432
    24     17   0.3821593606329923
    25     17   0.3089832921778374
    26     17   -0.40154126241442534
    27     17   -0.02872772636471382
    28     17   0.10421022507283624
    29     17   -0.5734832886179466
    30     17   0.2680428432081315
    31     17   -0.7223597227868576
    32     17   -0.9436477848764189
    33     17   0.5179861497570791
    34     17   0.10374656790710997
    35     17   0.29747190793988015
    36     17   -0.04677115489784684
    37     17   0.4747695553676642
    38     17   0.3885630206056409
    39     17   -0.0312726490691873
    40     17   -0.017315565947405968
    18     18   -0.48350361748711057
    19     18   0.3084819498550868
    20     18   -0.7596679010788523
    21     18   -0.21428848097056014
    22     18   -0.21625626112654062
    23     18   -0.16785216314457913
    24     18   -0.16643511214449327
    25     18   -1.0669381164939042
    26     18   0.36775391204304775
    27     18   0.4405178154002376
    28     18   0.20688250972503203
    29     18   -0.15771295048895453
    30     18   0.11423505635863077
    31     18   0.3034481119103132
    32     18   -0.09948118367219316
    33     18   0.5316788915017733
    34     18   0.2989512516788373
    35     18   -0.5489615912156205
    36     18   0.34985808283818653
    37     18   -0.02797445974800519
    38     18   -0.16794536001619897
    39     18   0.5787333309270165
    40     18   -0.7330325395756606
    19     19   3.364727436526948
    20     19   0.36452895952660924
    21     19   -0.009516735028206304
    22     19   0.4264143819880932
    23     19   0.20213730987859893
    24     19   -0.3601360121482418
    25     19   -0.23804564807751066
    26     19   -0.2767148252365023
    27     19   -0.006601899474486068
    28     19   0.14472245988011492
    29     19   -0.2628971232571302
    30     19   -0.3311830270401294
    31     19   -0.028951415828158
    32     19   0.02037364281843501
    33     19   -0.06614890338562225
    34     19   -0.16214814413511017
    35     19   0.13119870640094577
    36     19   -0.25893897028211316
    37     19   -0.38324081649177666
    38     19   -0.34189304546923216
    39     19   -0.7033067378771704
    40     19   0.5124962630860967
    20     20   -0.3081997844104535
    21     20   -0.15350925262649961
    22     20   0.3755598422970644
    23     20   0.12011869492280386
    24     20   0.08865330695401409
    25     20   -0.5003947287602298
    26     20   0.4342683079255685
    27     20   0.12352547860486013
    28     20   0.021094858861518573
    29     20   0.05801998773042319
    30     20   0.020561208894763938
    31     20   -0.22494010935660746
    32     20   -0.023365435649355015
    33     20   0.02177137596523184
    34     20   0.31854221999272947
    35     20   -0.16166225716059565
    36     20   0.17991268238688196
    37     20   -0.4518381707652693
    38     20   -0.01832228779703448
    39     20   0.5476189090774674
    40     20   -0.5494291632362059
    21     21   0.301580482661163
    22     21   -0.07250324663821582
    23     21   0.07420089956919726
    24     21   0.30952006750786026
    25     21   -0.29108782883094325
    26     21   0.07974171982853889
    27     21   0.12700739155555194
    28     21   0.20890444619529572
    29     21   -0.2916999501603332
    30     21   0.2567408840563422
    31     21   -0.0911793851759405
    32     21   -0.24012813616394083
    33     21   0.2845367687860828
    34     21   -0.11591800806575998
    35     21   -0.11152892319508463
    36     21   0.18989190450914095
    37     21   -0.12223254732001572
    38     21   0.06750481444255838
    39     21   -0.10326267694865579
    40     21   -0.09290037831783633
    22     22   -2.801244700182516
    23     22   -0.7998462752481581
    24     22   0.0814730244724425
    25     22   -0.07168417987158064
    26     22   0.15185884934156207
    27     22   0.2665513868531179
    28     22   -0.035822186946962827
    29     22   -0.15506156167752566
    30     22   0.4228220078678935
    31     22   0.5761158493444184
    32     22   -0.03150278442000431
    33     22   0.17303097642455656
    34     22   -0.2774828286851395
    35     22   -0.49804699190706136
    36     22   0.25784509551470236
    37     22   0.6344968167314534
    38     22   0.6492979660035052
    39     22   0.29394016154873687
    40     22   -0.5061521625616947
    23     23   1.7391046859596697
    24     23   -0.3354663388665929
    25     23   -0.0858770975819421
    26     23   -0.03596930591737844
    27     23   0.26077813875329625
    28     23   0.11731767107364806
    29     23   -0.04258652683521932
    30     23   -0.21778656280511532
    31     23   0.3561648224030774
    32     23   0.06772519763366597
    33     23   -0.1330593436224806
    34     23   -0.3505232823124266
    35     23   -0.534892146076354
    36     23   -0.0886563909218157
    37     23   0.2504648751254234
    38     23   0.8255068083122487
    39     23   0.2648944326944779
    40     23   -0.4070275168568376
    24     24   2.5798853011328204
    25     24   -0.6048876346370027
    26     24   -0.3512030960012924
    27     24   0.02001018055052658
    28     24   -0.09196944936200802
    29     24   0.49587199518565106
    30     24   -0.3025700308437878
    31     24   0.15162484787031938
    32     24   0.3216559993647894
    33     24   -0.45132257260159503
    34     24   0.0915822336259277
    35     24   -0.18094267788492868
    36     24   -0.23329612848102524
    37     24   0.06389866963225367
    38     24   -0.046931360411293345
    39     24   0.24970887835576816
    40     24   0.22146841745441376
    25     25   1.4041418485768191
    26     25   0.11697240449343754
    27     25   0.6613113388865693
    28     25   -0.018243281482437135
    29     25   0.08723464183201429
    30     25   0.9590163510214572
    31     25   0.18283425321389563
    32     25   -0.3264930915791238
    33     25   0.5679882327365372
    34     25   -0.06256794520275859
    35     25   -0.33757425668496455
    36     25   -0.002494292376358224
    37     25   0.02581571023830966
    38     25   -0.2962092356251746
    39     25   0.27862846119490786
    40     25   -0.6294947888139449
    26     26   2.6333168264003373
    27     26   -0.2765139034339836
    28     26   0.1503955427000607
    29     26   0.31026561876834213
    30     26   -0.23228907083852476
    31     26   -0.2488718143941486
    32     26   -0.08189883612239303
    33     26   -0.2847973151024138
    34     26   -0.2240099105696614
    35     26   0.016529191009981816
    36     26   -0.18023410280000993
    37     26   -0.03338470340954065
    38     26   -0.08522473552818646
    39     26   -0.199957444965149
    40     26   0.5674964374199538
    27     27   -0.7365312158971506
    28     27   -0.061711217888668485
    29     27   0.22555517357488722
    30     27   -0.29748718537284397
    31     27   -0.17025495836305538
    32     27   0.15532784600717076
    33     27   -0.49006980293189867
    34     27   0.06798313177002696
    35     27   0.10822674231948684
    36     27   0.08096175705232501
    37     27   -0.08501272558891722
    38     27   -0.07706203477921875
    39     27   -0.03456001529191363
    40     27   0.47001294177381897
    28     28   -3.5355948359901936
    29     28   0.3212846255442482
    30     28   0.8181828271131816
    31     28   0.21004941469024835
    32     28   -0.02230079332409481
    33     28   -0.211772058857609
    34     28   0.04926677402029056
    35     28   0.15301252679823904
    36     28   -0.05057523418507979
    37     28   0.399725745166575
    38     28   -0.0974525416039433
    39     28   0.2627938382529102
    40     28   -0.39525753565747634
    29     29   -0.9483718958937581
    30     29   -0.24459498144552427
    31     29   -0.07385852195150083
    32     29   -0.3856150338116998
    33     29   0.529882606307808
    34     29   0.1378011484497371
    35     29   -0.07091951923681203
    36     29   0.24223668048579639
    37     29   -0.09477310913293266
    38     29   0.31596456794235417
    39     29   -0.3213767086471668
    40     29   -0.1932664788922882
    30     30   1.6351662307788308
    31     30   -0.16459861197259984
    32     30   0.6512979802521967
    33     30   -0.3971866893452112
    34     30   0.2967819560672823
    35     30   -0.07238747534380874
    36     30   -0.1478544366621448
    37     30   -0.7310670895815233
    38     30   0.03786933914275373
    39     30   -0.32525146504096086
    40     30   0.899034494820814
    31     31   -0.4932725175701541
    32     31   -0.3924378143803944
    33     31   -0.02134417230978324
    34     31   0.24570169584583065
    35     31   0.508620448165255
    36     31   -0.15283735946074134
    37     31   -0.2196113442746329
    38     31   0.28234755707906173
    39     31   0.023365609383915145
    40     31   0.4331168900410485
    32     32   -0.33065597292834736
    33     32   0.48541361769531205
    34     32   -0.04614540775408951
    35     32   0.08762619491157578
    36     32   0.016809105548303525
    37     32   0.17034715475219844
    38     32   0.12489029078154393
    39     32   0.00683599326706692
    40     32   -0.3584835919297049
    33     33   0.4646822638629149
    34     33   -0.03334252844425673
    35     33   -0.03717346270569375
    36     33   -0.022891002785571046
    37     33   -0.10787045982562915
    38     33   0.25282710636214284
    39     33   0.14150820322517255
    40     33   0.4907051127316905
    34     34   2.170682555779203
    35     34   -0.17033292066198713
    36     34   -0.19927095278990037
    37     34   -0.08331742381315384
    38     34   0.04911824017899065
    39     34   -0.42741442212963704
    40     34   2.6349369481872e-05
    35     35   1.7925922376418886
    36     35   0.30674421413886577
    37     35   0.026403003803784797
    38     35   0.1718311554129867
    39     35   0.24117710898338132
    40     35   -0.3476336834448687
    36     36   1.2822135537677142
    37     36   -0.13072283182532815
    38     36   -0.1391022769553697
    39     36   -0.29247979443629896
    40     36   0.13287959097559665
    37     37   3.340322768908049
    38     37   -0.32948958503693687
    39     37   -0.43176416753667984
    40     37   0.3485057120205231
    38     38   -1.2193790977591472
    39     38   -0.4017131188827378
    40     38   0.14090265423563303
    39     39   1.463009645550866
    40     39   0.5376972268690701
    40     40   -2.822592378346536
