%%MatrixMarket matrix coordinate real symmetric
%=================================================================================
%
% This ASCII file represents a sparse MxN matrix with L
% nonzeros in the following Matrix Market format:
%
% +----------------------------------------------+
% |%%MatrixMarket matrix coordinate real general | <--- header line
% |%                                             | <--+
% |% comments                                    |    |-- 0 or more comment lines
% |%                                             | <--+
% |    M  N  L                                   | <--- rows, columns, entries
% |    I1  J1  A(I1, J1)                         | <--+
% |    I2  J2  A(I2, J2)                         |    |
% |    I3  J3  A(I3, J3)                         |    |-- L lines
% |        . . .                                 |    |
% |    IL JL  A(IL, JL)                          | <--+
% +----------------------------------------------+
%
% Indices are 1-based, i.e. A(1,1) is the first element.
%
%=================================================================================
  40  40  820
    1     1   -0.8128003236903196
    2     1   -0.07124552713103259
    3     1   -0.00626005825076671
    4     1   0.2072574621862711
    5     1   0.02141927057551945
    6     1   0.2123792839996138
    7     1   0.0128729637530327
    8     1   0.11994789868230749
    9     1   -0.28440484458739956
    10     1   -0.04036208943101687
    11     1   0.18300863866358846
    12     1   0.1569807103539835
    13     1   0.23096936313123695
    14     1   -0.038981238281000447
    15     1   -0.25747732740658197
    16     1   -0.1638934274825059
    17     1   0.011436571155981207
    18     1   0.2511511162684667
    19     1   0.03665404304576719
    20     1   0.033696467506368545
    21     1   0.049483004241209036
    22     1   -0.008852267106189344
    23     1   0.04790385741940824
    24     1   0.15516528477149638
    25     1   0.3108813559600216
    26     1   0.207902260187994
    27     1   -0.03121960474224247
    28     1   -0.14678956040776245
    29     1   -0.15012793555571083
    30     1   0.032101058753810426
    31     1   -0.07343954915708262
    32     1   0.05709637599779527
    33     1   -0.09550390041591694
    34     1   0.11768794673208323
    35     1   0.19106183742328006
    36     1   0.011984246221237635
    37     1   0.08373264775637589
    38     1   0.2434951466373994
    39     1   0.00362750371588775
    40     1   0.00426166219571226
    2     2   0.6343949732558183
    3     2   -0.035665939964875215
    4     2   -0.043234151967842624
    5     2   -0.09953395302345851
    6     2   -0.18576851447328138
    7     2   -0.13461743171304946
    8     2   -0.03398658003752033
    9     2   -0.1284830399339937
    10     2   0.14614014901988479
    11     2   -0.1912694862041211
    12     2   -0.15923493571821531
    13     2   0.028289263986087144
    14     2   0.10214514499132739
    15     2   -0.016691962490121594
    16     2   0.16455919707620126
    17     2   -0.2763962637867325
    18     2   0.14213593533995755
    19     2   -0.044084215654050955
    20     2   0.15669255441760754
    21     2   0.05376920380946151
    22     2   -0.006000218933815494
    23     2   -0.15414028102430444
    24     2   -0.058604388768640395
    25     2   0.09053153940332781
    26     2   -0.168460307598668
    27     2   0.014219792245497366
    28     2   0.07884508501889924
    29     2   0.018798775781397103
    30     2   -0.14553210788704138
    31     2   -0.1363351649054456
    32     2   -0.0907912681050748
    33     2   0.02788249869860739
    34     2   -0.09178937108788024
    35     2   0.0687924961551212
    36     2   -0.18665480385246525
    37     2   0.013863501720482072
    38     2   0.08922969070202907
    39     2   -0.08241636961769888
    40     2   0.07625150900180461
    3     3   -0.43096804494751123
    4     3   0.02004083857191592
    5     3   0.008134585389611862
    6     3   0.0379671652374404
    7     3   0.03508936451001187
    8     3   0.013361312854926047
    9     3   -0.05239365805655597
    10     3   0.04787432981056423
    11     3   0.14014932111678005
    12     3   0.3239156880970068
    13     3   0.04845957178587493
    14     3   -0.014852934836244905
    15     3   0.0429943382326364
    16     3   0.12958427458358754
    17     3   -0.06386577681517012
    18     3   -0.16467355485171678
    19     3   0.07422830781887481
    20     3   -0.03028616917319298
    21     3   -0.021320920390887156
    22     3   -0.08277779719367839
    23     3   0.027452459412956848
    24     3   0.04136473950089799
    25     3   -0.21789663463044864
    26     3   0.12287962374555068
    27     3   0.13863525184924116
    28     3   -0.09295248544076286
    29     3   -0.04208683168156984
    30     3   0.2715369420090245
    31     3   0.07888083953247658
    32     3   -0.10191729219772355
    33     3   0.21401365372562622
    34     3   0.04732701356630581
    35     3   0.00893932730847875
    36     3   0.01084880911696051
    37     3   0.13545310911655983
    38     3   -0.07436063003142954
    39     3   0.08018103601869836
    40     3   -0.2360651295019629
    4     4   -1.4794850363213436
    5     4   -0.17761614782378904
    6     4   0.36090192201719007
    7     4   -0.12059195114747326
    8     4   0.14262826080605215
    9     4   0.025459810454269878
    10     4   0.050288170379472225
    11     4   0.10250679602529825
    12     4   0.09655501751586787
    13     4   -0.12321473371341785
    14     4   -0.05022672768259443
    15     4   -0.021806204381292556
    16     4   0.2374396791147203
    17     4   -0.11639046527296114
    18     4   0.2146116121515186
    19     4   0.3008615076576712
    20     4   0.13615992728522777
    21     4   0.12389163961962382
    22     4   -0.04078042401989637
    23     4   0.18211916694751656
    24     4   0.157049630621101
    25     4   0.43767903306994366
    26     4   0.028321770373901295
    27     4   -0.18051988618029832
    28     4   -0.18158843130704388
    29     4   0.1900225917538029
    30     4   0.09838033611780449
    31     4   -0.0525704846271427
    32     4   0.0788126205598171
    33     4   -0.10268591170010777
    34     4   0.17265493348832725
    35     4   0.18633937710599924
    36     4   0.07577605831377099
    37     4   0.26387125536736006
    38     4   0.012054055492743555
    39     4   0.18370504546835098
    40     4   0.08480707400100909
    5     5   0.5064754988680846
    6     5   0.009780614368902756
    7     5   0.4756858545617729
    8     5   -0.14531976108869518
    9     5   -0.11188159120269198
    10     5   -0.1430655736723527
    11     5   -0.4476101072400792
    12     5   0.3018783667312143
    13     5   -0.08669009984045413
    14     5   -0.1683956534741028
    15     5   -0.1025524566894706
    16     5   0.10412801626250492
    17     5   -0.03668046272716472
    18     5   -0.2427171864004147
    19     5   0.08121083306493669
    20     5   -0.4113538075287232
    21     5   -0.24712640852879694
    22     5   0.11498550816229527
    23     5   0.11550590762103632
    24     5   0.23317874989720777
    25     5   -0.2558402156692762
    26     5   0.14412886760566057
    27     5   0.0999875137949361
    28     5   0.19630430470661323
    29     5   -0.20276618793228485
    30     5   0.09967859021654593
    31     5   -0.3179453345687327
    32     5   -0.1853460999878778
    33     5   0.1731280091844606
    34     5   0.07218160792306559
    35     5   0.007330729194089488
    36     5   0.13721079758522814
    37     5   -0.20397618884622926
    38     5   0.1698374172047882
    39     5   0.0787999983111598
    40     5   -0.07102930385312464
    6     6   -1.2876639236487257
    7     6   0.05989347259760937
    8     6   0.09135421455880585
    9     6   -0.003884011453361158
    10     6   -0.0990068876312211
    11     6   0.11859759428815231
    12     6   0.24600407472936398
    13     6   -0.07973895998326644
    14     6   -0.08711688201082683
    15     6   0.05495632595110659
    16     6   -0.016354748777775076
    17     6   0.08706829310910999
    18     6   0.03708542804120916
    19     6   0.13103357120605927
    20     6   0.022087084650988215
    21     6   0.022334129596460757
    22     6   0.03888160756000503
    23     6   0.28672694286941275
    24     6   0.14856450675343078
    25     6   0.20665176827265652
    26     6   0.1507512671116732
    27     6   -0.08796863206929728
    28     6   -0.06786528518732844
    29     6   0.001709853781174228
    30     6   0.019890538511073474
    31     6   0.000932100671016468
    32     6   0.12403673588361985
    33     6   -0.000744660394388864
    34     6   0.22818490619043438
    35     6   0.1368774882167152
    36     6   0.1558762765948718
    37     6   0.10306014603163638
    38     6   -0.0793028098199719
    39     6   0.08069961481303173
    40     6   0.10879231148540591
    7     7   0.1974071843356225
    8     7   -0.15347318090382267
    9     7   0.09338388748237207
    10     7   -0.18545056118944708
    11     7   -0.06062038729694135
    12     7   0.2669333758612733
    13     7   -0.08366172978082348
    14     7   -0.14576104338514476
    15     7   -0.17188962209992997
    16     7   -0.06807931560189427
    17     7   0.11140178662887142
    18     7   -0.40245626740343704
    19     7   0.19614749259804848
    20     7   -0.43827626711491363
    21     7   -0.15843291228618975
    22     7   -0.02205626584424114
    23     7   -0.032341629940345916
    24     7   0.16332210915341602
    25     7   -0.17300594082463427
    26     7   0.2455177125938983
    27     7   0.12665046579487213
    28     7   0.198882543522976
    29     7   -0.20490610803363124
    30     7   -0.12150944148846941
    31     7   -0.09485122598162503
    32     7   -0.030170027082921266
    33     7   0.16337878372975131
    34     7   0.16291544344931863
    35     7   -0.12935020279865514
    36     7   0.18974344530458825
    37     7   -0.1454437423686132
    38     7   0.1653431989678975
    39     7   0.20664332473641386
    40     7   -0.19167433963116579
    8     8   -0.43669673608095716
    9     8   -0.12978585154258312
    10     8   0.06193307043196894
    11     8   0.07271507268409866
    12     8   -0.03761479029130324
    13     8   -0.12243728985745739
    14     8   0.17980430060420746
    15     8   0.001207831681493606
    16     8   -0.0293399962324808
    17     8   -0.015217225382537109
    18     8   0.23755807281973873
    19     8   0.011101013273110425
    20     8   0.16890752763114436
    21     8   -0.013457414880981898
    22     8   -0.030437878940851506
    23     8   0.12779053947630842
    24     8   0.34027170916978117
    25     8   0.33949670185601244
    26     8   0.07717008415055027
    27     8   -0.061939301612227694
    28     8   -0.08659513824927245
    29     8   -0.08621899576274067
    30     8   0.11030013024112276
    31     8   0.14390937422826788
    32     8   -0.00437202746902177
    33     8   0.06520108589117778
    34     8   -0.13879466825199446
    35     8   0.08021752616829661
    36     8   -0.002840352441889234
    37     8   7.4449710899952e-05
    38     8   -0.1477116499843446
    39     8   -0.24230426195308313
    40     8   -0.029710339875549437
    9     9   0.5928554509975428
    10     9   -0.08068418688778564
    11     9   0.2024565417251498
    12     9   -0.2945216059945379
    13     9   -0.3345946434793695
    14     9   -0.10139371696791136
    15     9   0.016582253656710035
    16     9   -0.0744468558605229
    17     9   0.45226129334737986
    18     9   -0.2895787439337538
    19     9   0.2177770227796387
    20     9   -0.1515055647232474
    21     9   0.04015368485782218
    22     9   -0.17841740942247142
    23     9   -0.18086963235094627
    24     9   -0.20990248203665207
    25     9   -0.11657801401293962
    26     9   -0.04017638539359952
    27     9   -0.05284958788170522
    28     9   0.03448710670551438
    29     9   0.34789472222497386
    30     9   -0.10275956974495258
    31     9   0.308899095535661
    32     9   0.2744487005350473
    33     9   -0.19523851115793805
    34     9   -0.045596262535092205
    35     9   -0.3321882538824829
    36     9   0.14915806254258165
    37     9   0.00566487653588807
    38     9   -0.07350933880983723
    39     9   0.26014625825108595
    40     9   -0.048840456776848944
    10     10   0.01941775718925875
    11     10   -0.03765261702251999
    12     10   -0.007449448608418314
    13     10   -0.03433426588746752
    14     10   0.09046633544900945
    15     10   0.037707622653667734
    16     10   0.22324196597886803
    17     10   -0.24966449933985013
    18     10   0.1216361257077258
    19     10   0.03220845985715958
    20     10   0.2253009667908219
    21     10   0.017165876082397356
    22     10   -0.1609915113870761
    23     10   -0.12575119913922725
    24     10   0.018004971419571095
    25     10   0.014897313415795874
    26     10   -0.10103949990847041
    27     10   0.03960337729939992
    28     10   -0.051698293375906604
    29     10   0.03682376524075344
    30     10   0.19152671777907299
    31     10   0.011308054913121963
    32     10   -0.12169856149709064
    33     10   0.07595203258494676
    34     10   -0.13679344144548009
    35     10   0.025520239306468656
    36     10   -0.08932714759612637
    37     10   0.17539994750373378
    38     10   0.07138222737998261
    39     10   -0.03747605398677343
    40     10   -0.05077139537667427
    11     11   -0.28600787795704585
    12     11   0.13665246362059955
    13     11   0.32583633731507267
    14     11   0.03689778500575421
    15     11   -0.13142776706989015
    16     11   -0.4464437006034677
    17     11   0.24214988154470213
    18     11   -0.20077446292528248
    19     11   0.1033534781716245
    20     11   0.060527474596438174
    21     11   0.1748441848100686
    22     11   -0.35511128885208393
    23     11   -0.255773821074919
    24     11   -0.16279908970869494
    25     11   0.046466546363249046
    26     11   0.27959695731366596
    27     11   0.06940734867659949
    28     11   -0.29471486976909256
    29     11   -0.11743378526717528
    30     11   0.036563737945136426
    31     11   0.5604822122516498
    32     11   0.19276284400935553
    33     11   -0.06565476306702235
    34     11   0.158849631074311
    35     11   -0.2525129046677089
    36     11   0.15942407983466353
    37     11   0.3084942329532096
    38     11   0.045986485590454734
    39     11   0.24652569427114346
    40     11   -0.4124405331676754
    12     12   -1.01924572813413
    13     12   0.16609655169629556
    14     12   -0.13006599006165118
    15     12   0.07425963424653617
    16     12   0.2465551792702344
    17     12   -0.23838963072128388
    18     12   -0.3412858470240744
    19     12   0.14757165999877653
    20     12   -0.1663282240919274
    21     12   -0.1297012416093415
    22     12   -0.060106568563750656
    23     12   0.23331196062119944
    24     12   0.20773659624881172
    25     12   -0.41237222557971676
    26     12   0.33279823780835965
    27     12   0.2579367455268833
    28     12   -0.12206321809553887
    29     12   -0.2716055703350221
    30     12   0.5321111484855979
    31     12   -0.07014643032069852
    32     12   -0.27815835061099664
    33     12   0.4727820702759473
    34     12   0.27243261474264896
    35     12   0.12596094795606272
    36     12   0.13909932685854623
    37     12   0.23611325151764376
    38     12   -0.031234856875615336
    39     12   0.19781840683319896
    40     12   -0.3827336382256996
    13     13   0.537595946926553
    14     13   -0.030879996480134498
    15     13   -0.1331610983627783
    16     13   -0.21077184453110234
    17     13   -0.11619641177349774
    18     13   0.050744369388774996
    19     13   -0.20514169517753042
    20     13   -0.04200118303571859
    21     13   0.11343708891749325
    22     13   0.13137846513716242
    23     13   -0.035313360139292635
    24     13   -0.21893318434015785
    25     13   -0.09057008260574348
    26     13   0.07715684787227971
    27     13   0.050718656870097835
    28     13   -0.1984784749444183
    29     13   -0.1764021573638212
    30     13   0.012637911573687039
    31     13   -0.0771231731979204
    32     13   -0.08326992339896583
    33     13   -0.06712701820685942
    34     13   0.17400663408315092
    35     13   0.10700384508344762
    36     13   -0.10834969293718939
    37     13   0.045419965484852026
    38     13   0.10377779932298566
    39     13   0.04886760193529385
    40     13   -0.13160114839951179
    14     14   0.33160371382839116
    15     14   0.06621569704193565
    16     14   -0.04958368398764796
    17     14   -0.14201731584037372
    18     14   0.12640120588129314
    19     14   -0.0993439166215675
    20     14   0.2105531644230617
    21     14   0.006780243363009662
    22     14   -0.05238347466056309
    23     14   -0.05217852772214126
    24     14   0.09847523949233702
    25     14   0.1724148188123864
    26     14   -0.06236192898003887
    27     14   -0.004403034318587422
    28     14   0.053751014070421425
    29     14   -0.12415033215573419
    30     14   -0.11202646440353624
    31     14   0.09054746632055849
    32     14   -0.03918274270309599
    33     14   0.08008813222678447
    34     14   -0.125147074346722
    35     14   -0.00814434440778542
    36     14   -0.0646479726588207
    37     14   -0.016973879172740815
    38     14   -0.06861367467409922
    39     14   -0.2176642546274395
    40     14   0.02874882912163626
    15     15   0.3815390632448892
    16     15   0.11725077220340772
    17     15   -0.14616951228256445
    18     15   -0.05124032740076793
    19     15   -0.19398797455005523
    20     15   0.23136864307545568
    21     15   -0.047858663115196834
    22     15   0.08525828057730205
    23     15   0.2513801017820156
    24     15   -0.07778116006858785
    25     15   -0.19360693589149752
    26     15   -0.19199647590248925
    27     15   -0.03209990949552964
    28     15   0.07267053336732425
    29     15   0.006581140450338714
    30     15   0.06982863369501355
    31     15   0.03786440611820715
    32     15   -0.07419400813253363
    33     15   0.14711893467924705
    34     15   0.003587858994712856
    35     15   0.005653060384086716
    36     15   0.04588828833012351
    37     15   0.027274787953757415
    38     15   -0.3548705938006668
    39     15   -0.15905208963272055
    40     15   0.19913681720781803
    16     16   -0.2444277710154925
    17     16   -0.457090974215922
    18     16   0.004539137995261024
    19     16   0.26260672846456845
    20     16   0.02355951919011949
    21     16   -0.04109226541915481
    22     16   -0.016013076226153066
    23     16   0.10285178563750937
    24     16   0.1310627025734413
    25     16   -0.1286818237621816
    26     16   -0.1441947893816574
    27     16   0.025459123099873433
    28     16   -0.06862266571675919
    29     16   0.2278167527414846
    30     16   0.46501911484116204
    31     16   -0.27597631075090734
    32     16   -0.30498339759008397
    33     16   0.20992606066495303
    34     16   -0.032852597516406366
    35     16   0.1631875974588319
    36     16   -0.0765755520371263
    37     16   0.2191969274331308
    38     16   -0.028553046984843018
    39     16   0.16067484471605054
    40     16   -0.09625376459633307
    17     17   0.6605500800944692
    18     17   -0.14789102611675417
    19     17   -0.029517412818261958
    20     17   -0.2676787427500933
    21     17   0.05206768576787233
    22     17   0.06532590927507902
    23     17   0.00076102267241716
    24     17   -0.19107968031649614
    25     17   -0.1544916460889187
    26     17   0.20077063120721267
    27     17   0.01436386318235691
    28     17   -0.05210511253641812
    29     17   0.2867416443089733
    30     17   -0.13402142160406574
    31     17   0.3611798613934288
    32     17   0.47182389243820944
    33     17   -0.25899307487853956
    34     17   -0.051873283953554984
    35     17   -0.14873595396994008
    36     17   0.02338557744892342
    37     17   -0.2373847776838321
    38     17   -0.19428151030282045
    39     17   0.01563632453459365
    40     17   0.008657782973702984
    18     18   0.12087590437177764
    19     18   -0.1542409749275434
    20     18   0.37983395053942615
    21     18   0.10714424048528007
    22     18   0.10812813056327031
    23     18   0.08392608157228956
    24     18   0.08321755607224664
    25     18   0.5334690582469521
    26     18   -0.18387695602152387
    27     18   -0.2202589077001188
    28     18   -0.10344125486251601
    29     18   0.07885647524447727
    30     18   -0.05711752817931538
    31     18   -0.1517240559551566
    32     18   0.04974059183609658
    33     18   -0.26583944575088664
    34     18   -0.14947562583941865
    35     18   0.27448079560781025
    36     18   -0.17492904141909327
    37     18   0.013987229874002595
    38     18   0.08397268000809949
    39     18   -0.28936666546350825
    40     18   0.3665162697878303
    19     19   -0.841181859131737
    20     19   -0.18226447976330462
    21     19   0.004758367514103152
    22     19   -0.2132071909940466
    23     19   -0.10106865493929947
    24     19   0.1800680060741209
    25     19   0.11902282403875533
    26     19   0.13835741261825116
    27     19   0.003300949737243034
    28     19   -0.07236122994005746
    29     19   0.1314485616285651
    30     19   0.1655915135200647
    31     19   0.014475707914079
    32     19   -0.010186821409217506
    33     19   0.033074451692811126
    34     19   0.08107407206755508
    35     19   -0.06559935320047289
    36     19   0.12946948514105658
    37     19   0.19162040824588833
    38     19   0.17094652273461608
    39     19   0.3516533689385852
    40     19   -0.2562481315430484
    20     20   0.07704994610261337
    21     20   0.07675462631324981
    22     20   -0.1877799211485322
    23     20   -0.06005934746140193
    24     20   -0.044326653477007046
    25     20   0.2501973643801149
    26     20   -0.21713415396278424
    27     20   -0.061762739302430064
    28     20   -0.010547429430759286
    29     20   -0.029009993865211595
    30     20   -0.010280604447381969
    31     20   0.11247005467830373
    32     20   0.011682717824677507
    33     20   -0.01088568798261592
    34     20   -0.15927110999636473
    35     20   0.08083112858029783
    36     20   -0.08995634119344098
    37     20   0.22591908538263464
    38     20   0.00916114389851724
    39     20   -0.2738094545387337
    40     20   0.27471458161810297
    21     21   -0.07539512066529075
    22     21   0.03625162331910791
    23     21   -0.03710044978459863
    24     21   -0.15476003375393013
    25     21   0.14554391441547163
    26     21   -0.039870859914269446
    27     21   -0.06350369577777597
    28     21   -0.10445222309764786
    29     21   0.1458499750801666
    30     21   -0.1283704420281711
    31     21   0.04558969258797025
    32     21   0.12006406808197041
    33     21   -0.1422683843930414
    34     21   0.05795900403287999
    35     21   0.055764461597542316
    36     21   -0.09494595225457048
    37     21   0.06111627366000786
    38     21   -0.03375240722127919
    39     21   0.051631338474327895
    40     21   0.046450189158918166
    22     22   0.700311175045629
    23     22   0.39992313762407905
    24     22   -0.04073651223622125
    25     22   0.03584208993579032
    26     22   -0.07592942467078104
    27     22   -0.13327569342655896
    28     22   0.017911093473481413
    29     22   0.07753078083876283
    30     22   -0.21141100393394674
    31     22   -0.2880579246722092
    32     22   0.015751392210002154
    33     22   -0.08651548821227828
    34     22   0.13874141434256976
    35     22   0.24902349595353068
    36     22   -0.12892254775735118
    37     22   -0.3172484083657267
    38     22   -0.3246489830017526
    39     22   -0.14697008077436843
    40     22   0.25307608128084735
    23     23   -0.43477617148991743
    24     23   0.16773316943329644
    25     23   0.04293854879097105
    26     23   0.01798465295868922
    27     23   -0.13038906937664813
    28     23   -0.05865883553682403
    29     23   0.02129326341760966
    30     23   0.10889328140255766
    31     23   -0.1780824112015387
    32     23   -0.033862598816832984
    33     23   0.0665296718112403
    34     23   0.1752616411562133
    35     23   0.267446073038177
    36     23   0.04432819546090785
    37     23   -0.1252324375627117
    38     23   -0.4127534041561243
    39     23   -0.13244721634723894
    40     23   0.2035137584284188
    24     24   -0.6449713252832051
    25     24   0.30244381731850134
    26     24   0.1756015480006462
    27     24   -0.01000509027526329
    28     24   0.04598472468100401
    29     24   -0.24793599759282553
    30     24   0.1512850154218939
    31     24   -0.07581242393515969
    32     24   -0.1608279996823947
    33     24   0.22566128630079751
    34     24   -0.04579111681296385
    35     24   0.09047133894246434
    36     24   0.11664806424051262
    37     24   -0.031949334816126836
    38     24   0.023465680205646672
    39     24   -0.12485443917788408
    40     24   -0.11073420872720688
    25     25   -0.3510354621442048
    26     25   -0.05848620224671877
    27     25   -0.33065566944328467
    28     25   0.009121640741218568
    29     25   -0.043617320916007146
    30     25   -0.4795081755107286
    31     25   -0.09141712660694781
    32     25   0.1632465457895619
    33     25   -0.2839941163682686
    34     25   0.031283972601379294
    35     25   0.16878712834248227
    36     25   0.001247146188179112
    37     25   -0.01290785511915483
    38     25   0.1481046178125873
    39     25   -0.13931423059745393
    40     25   0.31474739440697247
    26     26   -0.6583292066000843
    27     26   0.1382569517169918
    28     26   -0.07519777135003035
    29     26   -0.15513280938417107
    30     26   0.11614453541926238
    31     26   0.1244359071970743
    32     26   0.040949418061196514
    33     26   0.1423986575512069
    34     26   0.1120049552848307
    35     26   -0.008264595504990908
    36     26   0.09011705140000496
    37     26   0.016692351704770327
    38     26   0.04261236776409323
    39     26   0.0999787224825745
    40     26   -0.2837482187099769
    27     27   0.18413280397428766
    28     27   0.030855608944334242
    29     27   -0.11277758678744361
    30     27   0.14874359268642198
    31     27   0.08512747918152769
    32     27   -0.07766392300358538
    33     27   0.24503490146594933
    34     27   -0.03399156588501348
    35     27   -0.05411337115974342
    36     27   -0.04048087852616251
    37     27   0.04250636279445861
    38     27   0.03853101738960937
    39     27   0.017280007645956816
    40     27   -0.23500647088690949
    28     28   0.8838987089975484
    29     28   -0.1606423127721241
    30     28   -0.4090914135565908
    31     28   -0.10502470734512417
    32     28   0.011150396662047405
    33     28   0.1058860294288045
    34     28   -0.02463338701014528
    35     28   -0.07650626339911952
    36     28   0.025287617092539894
    37     28   -0.1998628725832875
    38     28   0.04872627080197165
    39     28   -0.1313969191264551
    40     28   0.19762876782873817
    29     29   0.23709297397343954
    30     29   0.12229749072276214
    31     29   0.036929260975750416
    32     29   0.1928075169058499
    33     29   -0.264941303153904
    34     29   -0.06890057422486855
    35     29   0.035459759618406014
    36     29   -0.12111834024289819
    37     29   0.04738655456646633
    38     29   -0.15798228397117708
    39     29   0.1606883543235834
    40     29   0.0966332394461441
    30     30   -0.4087915576947077
    31     30   0.08229930598629992
    32     30   -0.3256489901260983
    33     30   0.1985933446726056
    34     30   -0.14839097803364115
    35     30   0.03619373767190437
    36     30   0.0739272183310724
    37     30   0.36553354479076167
    38     30   -0.018934669571376864
    39     30   0.16262573252048043
    40     30   -0.449517247410407
    31     31   0.12331812939253853
    32     31   0.1962189071901972
    33     31   0.01067208615489162
    34     31   -0.12285084792291533
    35     31   -0.2543102240826275
    36     31   0.07641867973037067
    37     31   0.10980567213731646
    38     31   -0.14117377853953086
    39     31   -0.011682804691957573
    40     31   -0.21655844502052424
    32     32   0.08266399323208684
    33     32   -0.24270680884765602
    34     32   0.023072703877044756
    35     32   -0.04381309745578789
    36     32   -0.008404552774151763
    37     32   -0.08517357737609922
    38     32   -0.062445145390771964
    39     32   -0.00341799663353346
    40     32   0.17924179596485246
    33     33   -0.11617056596572872
    34     33   0.016671264222128366
    35     33   0.018586731352846875
    36     33   0.011445501392785523
    37     33   0.053935229912814575
    38     33   -0.12641355318107142
    39     33   -0.07075410161258627
    40     33   -0.24535255636584524
    34     34   -0.5426706389448007
    35     34   0.08516646033099357
    36     34   0.09963547639495018
    37     34   0.04165871190657692
    38     34   -0.024559120089495325
    39     34   0.21370721106481852
    40     34   -1.3174684740936e-05
    35     35   -0.44814805941047214
    36     35   -0.15337210706943288
    37     35   -0.013201501901892398
    38     35   -0.08591557770649336
    39     35   -0.12058855449169066
    40     35   0.17381684172243436
    36     36   -0.32055338844192854
    37     36   0.06536141591266408
    38     36   0.06955113847768485
    39     36   0.14623989721814948
    40     36   -0.06643979548779833
    37     37   -0.8350806922270122
    38     37   0.16474479251846844
    39     37   0.21588208376833992
    40     37   -0.17425285601026155
    38     38   0.3048447744397868
    39     38   0.2008565594413689
    40     38   -0.07045132711781651
    39     39   -0.3657524113877165
    40     39   -0.26884861343453503
    40     40   0.705648094586634
