%%MatrixMarket matrix coordinate real symmetric
%=================================================================================
%
% This ASCII file represents a sparse MxN matrix with L
% nonzeros in the following Matrix Market format:
%
% +----------------------------------------------+
% |%%MatrixMarket matrix coordinate real general | <--- header line
% |%                                             | <--+
% |% comments                                    |    |-- 0 or more comment lines
% |%                                             | <--+
% |    M  N  L                                   | <--- rows, columns, entries
% |    I1  J1  A(I1, J1)                         | <--+
% |    I2  J2  A(I2, J2)                         |    |
% |    I3  J3  A(I3, J3)                         |    |-- L lines
% |        . . .                                 |    |
% |    IL JL  A(IL, JL)                          | <--+
% +----------------------------------------------+
%
% Indices are 1-based, i.e. A(1,1) is the first element.
%
%=================================================================================
  50  50  1275
    1     1   -0.4290627447462563
    2     1   -0.2165055732055392
    3     1   -0.6446387608628829
    4     1   -0.23001489815455392
    5     1   -0.12184557708870145
    6     1   -0.28745618609990065
    7     1   0.09641367697847067
    8     1   0.30518305058413997
    9     1   0.1418981543340655
    10     1   -0.20252838439201065
    11     1   0.026082156636531184
    12     1   0.26268051335446096
    13     1   0.16589529231625882
    14     1   0.11675279420074428
    15     1   0.6607078264368581
    16     1   0.2590637274440913
    17     1   -0.10837614791699238
    18     1   -0.7215476350023795
    19     1   0.6314382049174208
    20     1   -0.20195121029793434
    21     1   0.0875677714897245
    22     1   0.4853250979788217
    23     1   -0.19636837951597846
    24     1   0.06173448106279121
    25     1   -0.08403875600384812
    26     1   -0.43664455472381725
    27     1   0.29275432005066443
    28     1   0.3441311321310888
    29     1   0.08265275177160068
    30     1   -0.01111492919908479
    31     1   -0.02530444956190467
    32     1   0.3658179080516348
    33     1   0.4908884847595273
    34     1   0.2627410292386853
    35     1   0.3047732972580584
    36     1   0.2139403979887431
    37     1   0.22017543217147778
    38     1   -0.12196105167204019
    39     1   0.08489571202808663
    40     1   -0.5492855312644251
    41     1   -0.013508509439107655
    42     1   -0.06767723696591726
    43     1   -0.0063317858452522045
    44     1   -0.12613007171294477
    45     1   -0.18426175013886886
    46     1   -0.053722985225613945
    47     1   -0.3547814086586474
    48     1   -0.07071611605294077
    49     1   -0.00045720227494404353
    50     1   -0.06821863241520318
    2     2   0.8391840816863562
    3     2   0.2280017361828357
    4     2   0.04489284766689716
    5     2   0.3458114957013684
    6     2   -0.4232012140515519
    7     2   -0.49628112016336656
    8     2   -0.6343938373446529
    9     2   -0.25786626644173427
    10     2   0.17490478182123612
    11     2   -0.007560220954254904
    12     2   0.18450479069464495
    13     2   0.06772232342914075
    14     2   0.30540046236606766
    15     2   -0.009499427640067282
    16     2   0.47731140354310486
    17     2   -0.5288092370435895
    18     2   0.029154022555699335
    19     2   0.9306695164910497
    20     2   -0.3077668039743513
    21     2   0.2953657175013922
    22     2   -0.24751904680994496
    23     2   -0.2625259751172466
    24     2   -0.32187038179375915
    25     2   -0.013419599787175635
    26     2   0.11620083062625919
    27     2   -0.4726343800002285
    28     2   -0.1783563995671717
    29     2   -0.10661044926980136
    30     2   0.01075656428406032
    31     2   -0.2875121419759842
    32     2   0.1570360166336349
    33     2   -0.28205262497692885
    34     2   -0.2195349828660767
    35     2   -0.5762719630350793
    36     2   0.17289188602109976
    37     2   0.30375098258610106
    38     2   0.09595104316376869
    39     2   0.3316151462690541
    40     2   0.48476412678558456
    41     2   -0.6883824552614458
    42     2   0.4538389398147692
    43     2   -0.10538803903479411
    44     2   -0.05254334782258707
    45     2   0.35615110739964195
    46     2   -0.30105242174552427
    47     2   0.19666184431822897
    48     2   0.08536344067629077
    49     2   -0.3721552401215001
    50     2   -0.15737603990028637
    3     3   -0.08628676475902669
    4     3   0.08694722855850104
    5     3   0.022437437187377077
    6     3   -0.3428719195582628
    7     3   0.03871512042016634
    8     3   -0.9710095458509824
    9     3   0.1394461924363088
    10     3   -0.48530027014407373
    11     3   -0.17611061915521226
    12     3   0.09618207167198133
    13     3   -0.5400603227575729
    14     3   -0.008862642094432188
    15     3   0.9830981677991215
    16     3   0.05734566912491951
    17     3   -0.42117980133081506
    18     3   -0.41325930331041044
    19     3   0.49211956825847725
    20     3   -0.0736151459909038
    21     3   -0.4340878018329876
    22     3   -0.14927018401749378
    23     3   -0.25366751960732514
    24     3   0.26868504392629905
    25     3   0.25179840053005076
    26     3   0.2964994558617632
    27     3   -0.0817257245932001
    28     3   0.25415901764160526
    29     3   0.5514603714350083
    30     3   -0.08808447095561826
    31     3   0.5182484504401899
    32     3   0.5133721345074096
    33     3   0.12411726536611792
    34     3   0.26643700692014227
    35     3   -0.653127933195608
    36     3   -0.31177278197012515
    37     3   -0.16439147224406503
    38     3   -0.2676686937462912
    39     3   -0.17858962909095022
    40     3   -0.20201181987769076
    41     3   0.06468818709133706
    42     3   -0.2936774748889715
    43     3   -0.08658324077083465
    44     3   0.2947620146846087
    45     3   0.5354321801790385
    46     3   -0.03301228287576727
    47     3   0.12220580889479724
    48     3   0.5341277199011325
    49     3   0.4706847376192982
    50     3   0.23618190360204372
    4     4   0.02320751834053783
    5     4   0.27965704706233907
    6     4   -0.28425099053844555
    7     4   -0.5478221211280351
    8     4   -0.03636597088893263
    9     4   0.35075511851550056
    10     4   0.04993471840165902
    11     4   0.14009957225669262
    12     4   -0.032488620922545314
    13     4   0.3064179653417021
    14     4   0.27401959599989356
    15     4   0.14458658124383483
    16     4   -0.3522130280339269
    17     4   -0.0006314870511772569
    18     4   0.08170638209436826
    19     4   0.2623226642521964
    20     4   -0.006318939735753537
    21     4   -0.09538374413494985
    22     4   0.04997868923738934
    23     4   -0.3669132359759518
    24     4   -0.44218995546094625
    25     4   -0.053583872732906254
    26     4   0.02457850507997081
    27     4   -0.13303037247188018
    28     4   0.5427070944955305
    29     4   -0.17841986619794903
    30     4   0.09357643246562437
    31     4   -0.1418208346659012
    32     4   0.2067411645500712
    33     4   -0.26642772943682824
    34     4   0.1144753521871692
    35     4   0.24239675194727162
    36     4   0.11671295136427756
    37     4   -0.17212899559866013
    38     4   -0.014979979013435368
    39     4   0.14926150662758375
    40     4   0.3734186557453915
    41     4   -0.10814915765532016
    42     4   -0.13399374902020833
    43     4   -0.26703623101627416
    44     4   -0.19479166105795132
    45     4   0.32228467027632884
    46     4   -0.05778417549742425
    47     4   -0.023918264725728052
    48     4   0.37126018405495403
    49     4   -0.4130897211980801
    50     4   -0.12139911379245823
    5     5   -1.7068144461572847
    6     5   -0.2473238643261153
    7     5   -0.09132193513412692
    8     5   0.08700503171688104
    9     5   -0.06340826916538564
    10     5   -0.37197028768913354
    11     5   0.21104263639945844
    12     5   0.1946166311394675
    13     5   0.5358924344128195
    14     5   -0.0781476815933502
    15     5   0.02288472287952204
    16     5   0.40631607738240777
    17     5   0.34285451662408123
    18     5   -0.0792009572188935
    19     5   0.24689138809145172
    20     5   0.08897240833792591
    21     5   0.01969803940878425
    22     5   0.13971912937707995
    23     5   0.02848051242235211
    24     5   -0.5602290287977163
    25     5   0.24021398900115387
    26     5   -0.16756913323993353
    27     5   0.2883999729176556
    28     5   0.3678240983090611
    29     5   0.030887902385328514
    30     5   -0.05796596381834082
    31     5   0.14513723071082613
    32     5   0.35344278657426814
    33     5   -0.2780604625877717
    34     5   -0.14788897923616542
    35     5   -0.27074023119413526
    36     5   0.3284088795087723
    37     5   0.0996456669341721
    38     5   -0.18973322167005538
    39     5   0.36048064560833804
    40     5   0.3956907264903732
    41     5   0.052045806374030786
    42     5   -0.0014312010164655208
    43     5   -0.006731267242889548
    44     5   0.548367446968931
    45     5   -0.16379856166870604
    46     5   -0.06119737236995189
    47     5   0.014933719362606623
    48     5   0.35961190879732763
    49     5   -0.18325402116299858
    50     5   -0.001923379550755333
    6     6   -0.6672991038027476
    7     6   -0.16890962565894596
    8     6   -0.3663638330648291
    9     6   0.25796413965347287
    10     6   0.24878386967585184
    11     6   0.18015093847342276
    12     6   0.05492957211568662
    13     6   0.061450563272951786
    14     6   0.25031905379300856
    15     6   0.17600681839893761
    16     6   -0.15122404010739826
    17     6   -0.12595474199720147
    18     6   -0.4617421657402614
    19     6   0.2259725822446736
    20     6   -0.09272714097359688
    21     6   -0.42034246597208796
    22     6   -0.04014485819282841
    23     6   0.29383668481378583
    24     6   0.3474063144792754
    25     6   -0.46991984975511836
    26     6   0.17485301919097385
    27     6   -0.5429257403462385
    28     6   0.22605835126065538
    29     6   -0.2348759111435566
    30     6   -0.03183497456519907
    31     6   -0.10289412830028181
    32     6   0.8563084430227117
    33     6   -0.25780630475398697
    34     6   0.03686390359621339
    35     6   0.5787184789470985
    36     6   -0.04659617123982182
    37     6   0.115853924828026
    38     6   0.2228963340112804
    39     6   0.7782880157261578
    40     6   0.07168779983206874
    41     6   0.5989973546786693
    42     6   0.27469230874201134
    43     6   0.17369107866019398
    44     6   0.3962426904621749
    45     6   -0.13286128088019322
    46     6   0.17895819472602476
    47     6   -0.12442985108842036
    48     6   0.14404367739432378
    49     6   -0.3530471044475545
    50     6   0.11932845840764139
    7     7   0.3626762889516189
    8     7   0.31225256277787805
    9     7   0.3915524328516165
    10     7   -0.4067963197108807
    11     7   -0.11892087581289675
    12     7   0.1054264302148343
    13     7   -0.0334473360045746
    14     7   -0.13630252759401623
    15     7   0.02522153822546358
    16     7   -0.020674603250405404
    17     7   -0.5802268722086887
    18     7   -0.08505948625900854
    19     7   0.20221942146674948
    20     7   -0.007211738428575892
    21     7   -0.24622902909650507
    22     7   0.338809217455081
    23     7   0.15441864060247937
    24     7   -0.24405665816412433
    25     7   0.4896257539915227
    26     7   0.31166593585382835
    27     7   -0.2715811076366016
    28     7   0.07468962104463263
    29     7   0.3373162841546397
    30     7   -0.0024809004777605337
    31     7   -0.09004243496803876
    32     7   0.199851234381791
    33     7   0.14156069190145326
    34     7   -0.4346432680657759
    35     7   0.18538455495334127
    36     7   -0.5484391481071509
    37     7   -0.2743827699176972
    38     7   -0.20079590083202803
    39     7   0.28554779572587097
    40     7   0.21175819675966406
    41     7   -0.50071511834507
    42     7   0.2594296397934447
    43     7   0.30856845893104784
    44     7   0.5032603161215166
    45     7   -0.0559239970369489
    46     7   -0.008907096959998232
    47     7   0.6428998391373963
    48     7   -0.24923400214376262
    49     7   -0.18041112916279345
    50     7   -0.34112281937834965
    8     8   1.1362006922562349
    9     8   0.2710472286295841
    10     8   0.16140235338022763
    11     8   -0.33822888314267074
    12     8   0.15833621257032687
    13     8   0.40087251990149453
    14     8   -0.1125814342932272
    15     8   -0.05273364319136924
    16     8   -0.20607591062126085
    17     8   -0.02520713408308429
    18     8   0.047473786829489203
    19     8   0.2294062235893134
    20     8   0.026359876668548415
    21     8   0.540690890104373
    22     8   0.2373435668981127
    23     8   -0.25227104563667535
    24     8   0.5081730130072213
    25     8   -0.21347681878074956
    26     8   -0.39215156618310815
    27     8   0.11914507805285296
    28     8   -0.6465029811751865
    29     8   0.18844978776531593
    30     8   0.12262159563145003
    31     8   0.07380748996121334
    32     8   -0.2253645056090926
    33     8   -0.14194373134052563
    34     8   -0.06675733925306104
    35     8   -0.5799010427555742
    36     8   -0.1575571187964014
    37     8   -0.17733147184789044
    38     8   0.11440091041859765
    39     8   -0.031137738780169233
    40     8   -0.10170472116328502
    41     8   -0.36387394387952793
    42     8   0.08633256822811286
    43     8   0.027687405219531225
    44     8   -0.18247335097495915
    45     8   0.4855832562048887
    46     8   0.05052418662902439
    47     8   -0.13912816421182114
    48     8   -0.11850088148765159
    49     8   -0.03222276783805811
    50     8   -0.2612405970863006
    9     9   -0.041837511439469274
    10     9   0.3327388651940256
    11     9   0.2613749540472444
    12     9   0.5414012614029435
    13     9   0.28165216541020044
    14     9   0.6037400934841228
    15     9   -0.2523238139820545
    16     9   0.2698228113424585
    17     9   -0.4914560467532797
    18     9   0.18133416102051247
    19     9   -0.07290980052320659
    20     9   0.04686820881201381
    21     9   -0.4744525342001068
    22     9   -0.03458388484647379
    23     9   -0.3672600932514708
    24     9   -0.4531741368192065
    25     9   -0.027100268026878163
    26     9   -0.3357560070542732
    27     9   -0.034472973345262066
    28     9   -0.03574508413764019
    29     9   -0.3875430918208868
    30     9   -0.006282306485010852
    31     9   0.29468161882920807
    32     9   -0.1384134810429903
    33     9   0.13319685352150684
    34     9   0.029464514715860562
    35     9   0.05268891506148224
    36     9   -0.5403593207804749
    37     9   -0.013071428093650167
    38     9   -0.21973747012337844
    39     9   0.07415677167336512
    40     9   0.21841044470560578
    41     9   0.17244018351676524
    42     9   0.2875138243806626
    43     9   -0.5275727793771108
    44     9   0.20680620101348618
    45     9   -0.30087433480004133
    46     9   -0.24163925910380407
    47     9   0.06510435929641348
    48     9   0.235243859795434
    49     9   -0.21554736022578724
    50     9   -0.2660783003648146
    10     10   -0.11841957136587536
    11     10   0.20967799348038266
    12     10   -0.1633892362509498
    13     10   -0.13799253810925255
    14     10   0.19663223158344312
    15     10   -0.2046954783284375
    16     10   -0.21420980880964552
    17     10   0.0576629619737426
    18     10   0.24404392243360484
    19     10   -0.02650882314599863
    20     10   -0.05195622595218973
    21     10   -0.26941376058169586
    22     10   0.14181894770951464
    23     10   -0.011919375721871794
    24     10   0.10195007703829786
    25     10   -0.18448241513150693
    26     10   -0.22196263662919402
    27     10   0.17573813527798285
    28     10   -0.5823309060478886
    29     10   0.26205865109706417
    30     10   -0.1918650185204186
    31     10   0.06620910938737941
    32     10   -0.04279020750258471
    33     10   -0.027560720528069536
    34     10   -0.10281555177149466
    35     10   0.02549780841381427
    36     10   0.16221391507689709
    37     10   -0.12677783818553573
    38     10   0.23754615103715482
    39     10   -0.07114261404864183
    40     10   0.2730643167360767
    41     10   -0.12895430079588238
    42     10   0.6556224617961834
    43     10   0.18680275743320318
    44     10   0.15473672392393023
    45     10   -0.3421958219967588
    46     10   0.3797543256620007
    47     10   0.18899644165921575
    48     10   -0.07049467727239378
    49     10   0.3382527386844627
    50     10   -0.14915189887909067
    11     11   0.03298787135671383
    12     11   -0.12037337302401872
    13     11   0.06896930670005483
    14     11   0.28526437281100037
    15     11   0.03066205825688395
    16     11   0.08505039181928087
    17     11   -0.23477200125453457
    18     11   0.37417616856275976
    19     11   -0.3043966337335826
    20     11   0.002571998352215471
    21     11   -0.2179677483778775
    22     11   0.165442748735733
    23     11   0.2764991132131461
    24     11   -0.07132820319485575
    25     11   0.24770325972085275
    26     11   0.20646686092522748
    27     11   -0.19770984932846586
    28     11   -0.22569714588737627
    29     11   0.10873820049403465
    30     11   0.09414528083744422
    31     11   0.18161460252967287
    32     11   -0.22307552815309506
    33     11   -0.1648520366389264
    34     11   -0.2422893212562325
    35     11   -0.23181798606062426
    36     11   -0.31748475202965204
    37     11   0.14999872454419763
    38     11   -0.18666029999443193
    39     11   -0.10884509634964293
    40     11   -0.2777400661934187
    41     11   0.11286829029274009
    42     11   -0.1590749493015794
    43     11   0.0998045436515423
    44     11   0.31645809015409476
    45     11   -0.056612222898142994
    46     11   0.10054424255041906
    47     11   0.05313780878528316
    48     11   -0.02117418437415597
    49     11   -0.04307909207563887
    50     11   -0.008748967752456371
    12     12   -0.4539306300821773
    13     12   0.09939524574179442
    14     12   -0.2240733063921435
    15     12   -0.13462367225660268
    16     12   0.048825930305572016
    17     12   -0.1065351418091969
    18     12   -0.7816606662265919
    19     12   0.231850292092613
    20     12   -0.09633431418479618
    21     12   0.42958610139026
    22     12   0.12067574232655466
    23     12   -0.2699935761192003
    24     12   0.2329247536909383
    25     12   0.11189926223734295
    26     12   0.4525579863312738
    27     12   -0.12443799259903843
    28     12   -0.2241231260463229
    29     12   -0.3605355784483897
    30     12   -0.17024125183119013
    31     12   -0.11752242063855886
    32     12   -0.04735917384687762
    33     12   -0.21942624113690545
    34     12   -0.2457110041115934
    35     12   -0.06565866242062754
    36     12   0.05357243952245186
    37     12   -0.41305457586911176
    38     12   0.24199004357146867
    39     12   0.36014025229218655
    40     12   0.05394606774231559
    41     12   0.15768949798249857
    42     12   -0.028198751075938056
    43     12   0.391390716669607
    44     12   0.33121336260911977
    45     12   0.14823933393123306
    46     12   0.12435076785237167
    47     12   -0.24076850998635888
    48     12   0.27891404707869627
    49     12   0.09168526452132884
    50     12   -0.46455413569266035
    13     13   0.3832276159593745
    14     13   -0.42837663237018847
    15     13   -0.06091802986082886
    16     13   -0.671617937999915
    17     13   -0.7952360333237645
    18     13   -0.1828817179262389
    19     13   0.10982532427137594
    20     13   0.07735105851920457
    21     13   0.47688074591021
    22     13   0.20077641672623978
    23     13   -0.008155610356275766
    24     13   -0.23195543307669786
    25     13   -0.03264747831220549
    26     13   0.25255828445950446
    27     13   -0.15306765209159634
    28     13   -0.26123038272909505
    29     13   0.1709314932201261
    30     13   0.05649309052119986
    31     13   -0.16071684984840698
    32     13   -0.11600369391721925
    33     13   -0.31439621368146653
    34     13   -0.3462967927156453
    35     13   -0.05456803994373416
    36     13   0.253298585656678
    37     13   0.36624129144733986
    38     13   0.1725063592270288
    39     13   -0.15394559393479826
    40     13   -0.24737720357963022
    41     13   -0.3833567888226096
    42     13   0.25460957597181005
    43     13   -0.1283557543268351
    44     13   0.2716970876626954
    45     13   0.006118143862172992
    46     13   -0.23171396894301224
    47     13   0.231426473656177
    48     13   0.20675738417164793
    49     13   -0.04973378862712076
    50     13   -0.1381425704698923
    14     14   -0.6885216307528066
    15     14   -0.23853132411941524
    16     14   0.593541191348248
    17     14   -0.26762514600789344
    18     14   -0.18555259232601662
    19     14   0.04823844604519664
    20     14   0.13170624955358728
    21     14   0.15252060140086282
    22     14   -0.1815915631314072
    23     14   0.0758968132901623
    24     14   -0.02204940903789887
    25     14   -0.1788292334395628
    26     14   0.25166185419000314
    27     14   0.10875729757588043
    28     14   -0.6152089893553938
    29     14   0.3032295735334568
    30     14   0.705831617221383
    31     14   -0.24951768401875227
    32     14   0.07973220197131786
    33     14   0.1384361129508305
    34     14   -0.43170108380840455
    35     14   -0.25108109742705087
    36     14   0.29903437077091766
    37     14   0.16051566521757524
    38     14   0.09135295177995728
    39     14   -0.30306845359100487
    40     14   0.3883639464336656
    41     14   0.02880560355656414
    42     14   -0.10116330593678394
    43     14   0.05612343084155463
    44     14   -0.020573281688426037
    45     14   0.38955592905607395
    46     14   0.09163854414137175
    47     14   -0.04836874088885419
    48     14   -0.3739752942796023
    49     14   -0.23478642047211734
    50     14   -0.0580598997453341
    15     15   -1.0407360290906538
    16     15   0.36232498605380364
    17     15   0.1344780979955384
    18     15   -0.023443237271095256
    19     15   -0.09301120727959299
    20     15   0.13239246444063932
    21     15   -0.06551727767640092
    22     15   0.2370837920641657
    23     15   -0.004148900848721659
    24     15   -0.17721959332877427
    25     15   -0.10501633894744256
    26     15   -0.21993206489791317
    27     15   -0.044140867662119526
    28     15   -0.1725547485576736
    29     15   -0.18872421399488687
    30     15   -0.21820677293238835
    31     15   -0.1157703769322655
    32     15   0.3128067966984856
    33     15   0.1863736843095153
    34     15   -0.0017490314176959454
    35     15   0.36354944827880936
    36     15   0.2558277025470311
    37     15   -0.44846136810721304
    38     15   0.014215583088485658
    39     15   0.5330285674351196
    40     15   0.22077252270687037
    41     15   -0.11350972129599016
    42     15   0.11239812677184839
    43     15   0.5085064518802647
    44     15   -0.46103309644337026
    45     15   0.38191824030311056
    46     15   -0.026294661328826713
    47     15   0.1802225340002789
    48     15   0.08485115739693139
    49     15   -0.14691395513754063
    50     15   -0.4034729875915255
    16     16   0.2794299870382073
    17     16   0.3074784945630689
    18     16   -0.07929304615849833
    19     16   -0.38412356445791973
    20     16   -0.21545791933273897
    21     16   0.1860979358231121
    22     16   0.0089830132060605
    23     16   -0.2597702099658176
    24     16   -0.4346780139774745
    25     16   0.05938404012607213
    26     16   0.26030367221267586
    27     16   -0.1413823836438501
    28     16   0.4480376731754332
    29     16   -0.2995323611143102
    30     16   -0.48082826069775014
    31     16   -0.17317078639585498
    32     16   0.03710199908900794
    33     16   -0.19642124750209153
    34     16   -0.018753052270385623
    35     16   0.3232228940473625
    36     16   0.09717606714436322
    37     16   0.09970115192665394
    38     16   0.0684377075818918
    39     16   0.09926455300740894
    40     16   -0.09864172947222105
    41     16   -0.25923262064850655
    42     16   -0.3794497042950166
    43     16   -0.037649388359494114
    44     16   -0.13561353247602093
    45     16   0.23814950480666391
    46     16   -0.27385080977210874
    47     16   -0.17684948342222373
    48     16   0.15758900788704575
    49     16   -0.5147557176970058
    50     16   0.666079283444719
    17     17   1.3561527804058493
    18     17   0.45266085392484545
    19     17   -0.3382011774022236
    20     17   -0.07763840842352693
    21     17   -0.21487551519356998
    22     17   0.36567157314590976
    23     17   -0.1929022327131838
    24     17   -0.07588576042508927
    25     17   0.04623142252779941
    26     17   -0.5512034163463528
    27     17   -0.49009610798421566
    28     17   -0.5154409897256529
    29     17   0.3736929678862353
    30     17   -0.09450373686606295
    31     17   0.41858728743831075
    32     17   -0.14150459568969556
    33     17   0.24084771438907362
    34     17   -0.20810456618843517
    35     17   -0.042940069788325826
    36     17   -0.1607440112500516
    37     17   0.47915187502878287
    38     17   -0.3181432944881135
    39     17   0.15255228961389156
    40     17   0.22054495765609253
    41     17   0.43544166288104286
    42     17   -0.35783613727690833
    43     17   -0.03556805141654639
    44     17   0.25247773240540955
    45     17   -0.05803178709939609
    46     17   -0.36502323742508447
    47     17   0.23830170256035368
    48     17   0.33699274743712515
    49     17   0.44600761981815984
    50     17   -0.08928915219850955
    18     18   1.1381492564991322
    19     18   -0.22559971261207634
    20     18   -0.49986506667908226
    21     18   -0.19184829400697395
    22     18   -0.28861650384916027
    23     18   0.31299536230188163
    24     18   0.11957318846445111
    25     18   -0.1910433708768171
    26     18   -0.5290136423892775
    27     18   -0.11262708774860486
    28     18   0.20086896789786501
    29     18   0.5430711066246873
    30     18   -0.052739878934116524
    31     18   0.31562537387059975
    32     18   -0.32739249708007
    33     18   0.5070817282221876
    34     18   0.09390956355548238
    35     18   -0.4123058004589555
    36     18   -0.025900728523225003
    37     18   -0.4826718993447547
    38     18   0.5026439381991101
    39     18   -0.08722916206342987
    40     18   -0.0778563960245826
    41     18   0.2605806655319794
    42     18   -0.055273242031220575
    43     18   0.16417877858676905
    44     18   -0.1610726904531143
    45     18   0.4042245214563335
    46     18   -0.05785204775854462
    47     18   0.025345365842184515
    48     18   -0.10745744645357218
    49     18   -0.3400108807494742
    50     18   0.10307078450337141
    19     19   -1.45863846196808
    20     19   -0.8714175942041178
    21     19   -0.11653338984578632
    22     19   0.21094774408767858
    23     19   -0.43942253174088486
    24     19   0.4033888255661156
    25     19   0.6180778388144961
    26     19   -0.06038537023611429
    27     19   0.14882862742678893
    28     19   0.1484065270945158
    29     19   0.05097221360932608
    30     19   0.0280014062473374
    31     19   0.3590882708895252
    32     19   -0.025625416339424167
    33     19   -0.02093006614998677
    34     19   -0.12359507833685306
    35     19   -0.008804932579810073
    36     19   -0.22440432517559816
    37     19   0.3235513693826864
    38     19   0.02470099970592799
    39     19   0.05210773397028695
    40     19   -0.32455578785552097
    41     19   -0.0119238156821109
    42     19   0.0971391542360841
    43     19   0.06932921293522376
    44     19   0.08256859830716742
    45     19   -0.2879650648624511
    46     19   0.31685780402500285
    47     19   -0.492689579486252
    48     19   0.19470162902956115
    49     19   0.046376076591087945
    50     19   0.5842831319463404
    20     20   1.761176446939821
    21     20   -0.14858657864858152
    22     20   -0.022072504932942105
    23     20   0.19393607606144528
    24     20   -0.03640825350831263
    25     20   -0.2173130441180792
    26     20   0.16838177790347972
    27     20   -0.5216786824992637
    28     20   -0.22108311129495806
    29     20   -0.018220927434966894
    30     20   -0.17704206698806957
    31     20   -0.15906241951038053
    32     20   0.2338942260681604
    33     20   -0.5099404746799163
    34     20   -0.14657698308711356
    35     20   -0.18583443328289334
    36     20   -0.061936403163363365
    37     20   0.38770437442942146
    38     20   -0.4288126899660632
    39     20   -0.2201695679419813
    40     20   0.3890709216712705
    41     20   -0.07037473170266646
    42     20   -0.007533841024151791
    43     20   0.03504240918085111
    44     20   0.012009845173285648
    45     20   -0.06614698880780047
    46     20   -0.20763307462734282
    47     20   0.00021306792155847964
    48     20   0.23560839099419112
    49     20   0.04174042351657724
    50     20   0.20251061391239727
    21     21   -0.5559079300925597
    22     21   0.01257453181979494
    23     21   0.8299654180957707
    24     21   -0.4671329490195909
    25     21   0.003061624169778593
    26     21   -0.11163603266436999
    27     21   0.08123441181797786
    28     21   0.3743814825826922
    29     21   -0.08095160672898542
    30     21   -0.10409288751962961
    31     21   -0.030035228236892815
    32     21   -0.14010144143576297
    33     21   0.3902617545096254
    34     21   0.10198034826473334
    35     21   0.23565546561291104
    36     21   -0.19175463509075094
    37     21   -0.12779315880549436
    38     21   -0.1477360132642378
    39     21   0.1743326208271432
    40     21   -0.03597156656918886
    41     21   0.3507413285469388
    42     21   0.1273278940919785
    43     21   0.073670243817795
    44     21   -0.18671484497238988
    45     21   0.13749378710040364
    46     21   -0.2621723309233837
    47     21   0.23967626482850815
    48     21   0.20682381466878286
    49     21   -0.043023565465284574
    50     21   0.4085814666650515
    22     22   -0.09038771762142031
    23     22   0.5709073517663241
    24     22   0.19064522044377874
    25     22   -0.2700935821845032
    26     22   -0.10016757292456967
    27     22   0.42571911429812614
    28     22   -0.49382208648391834
    29     22   0.050174588729075674
    30     22   -0.005013277237966941
    31     22   0.17069745615301418
    32     22   0.21958677073958993
    33     22   0.15847263218116697
    34     22   0.14775389963610921
    35     22   -0.6115052745192335
    36     22   -0.03974960266201442
    37     22   0.23322295939973053
    38     22   -0.5273978957409158
    39     22   -0.12330808852249198
    40     22   -0.43983430230460996
    41     22   -0.49496130280366263
    42     22   -0.4495524241578239
    43     22   0.21921787842630946
    44     22   0.06931804973457872
    45     22   0.13388109574750384
    46     22   -0.3487954214589882
    47     22   -0.3235904080970283
    48     22   -0.08254175245030633
    49     22   0.17468345417135034
    50     22   -0.024523709623669843
    23     23   -0.28190829723734123
    24     23   0.6609324912883306
    25     23   -0.011107159989036582
    26     23   -0.3501102714055465
    27     23   -0.3516429618515047
    28     23   -0.3662800988469321
    29     23   -0.11477969443242363
    30     23   -0.11761109106066214
    31     23   -0.300197391039542
    32     23   -0.16507352477466763
    33     23   0.022956574503531738
    34     23   0.0599512928156545
    35     23   0.1361282874683918
    36     23   -0.15074614694422195
    37     23   -0.05041477229860914
    38     23   -0.2131757725950663
    39     23   -0.11098327734340935
    40     23   0.19537553758133022
    41     23   0.5340310319714445
    42     23   -0.257880499594522
    43     23   0.18069706654681722
    44     23   0.6385481810312513
    45     23   0.08714485861119564
    46     23   0.3543666573674451
    47     23   0.23629055958928818
    48     23   -0.0875132305552781
    49     23   -0.07819111134795712
    50     23   0.3314837737826373
    24     24   1.4132145068311297
    25     24   -0.37599090037984245
    26     24   0.1666556430076831
    27     24   -0.43671812424598
    28     24   0.01848358783447611
    29     24   -0.07686519879221453
    30     24   -0.05703241867576933
    31     24   -0.2925004260114519
    32     24   -0.26627286986191756
    33     24   -0.04361016181582346
    34     24   0.3282602334077085
    35     24   -0.4055730257292359
    36     24   0.13187983771201484
    37     24   0.007026226591064215
    38     24   -0.35103961446255283
    39     24   0.2937447442705041
    40     24   -0.7020701181174693
    41     24   -0.0018827962086493816
    42     24   -0.13894916001586083
    43     24   0.30135214879473726
    44     24   -0.1992499373513663
    45     24   -0.058116404948260265
    46     24   -0.06700567465811325
    47     24   0.010838946304440752
    48     24   0.25468891086694834
    49     24   -0.07245358435350382
    50     24   -0.15126450918687795
    25     25   -0.2073278344311301
    26     25   -0.004661735672852219
    27     25   -0.505782758437384
    28     25   0.1558970627460632
    29     25   -0.2700242149813808
    30     25   -0.3891995214898596
    31     25   -0.07312162339323751
    32     25   0.47278913501295566
    33     25   0.2897238147644315
    34     25   -0.2575002653560349
    35     25   0.7890090690212903
    36     25   0.061564652974716305
    37     25   0.041817962145576856
    38     25   0.18125821736471665
    39     25   0.012455286038577915
    40     25   0.2513971884691999
    41     25   0.11955119788473662
    42     25   -0.03108477150716804
    43     25   0.20054495057758903
    44     25   0.4102693708135161
    45     25   -0.1687781169631215
    46     25   -0.04799699186729085
    47     25   0.22373585393693712
    48     25   -0.092960718361893
    49     25   0.1082471957196243
    50     25   -0.7024274732308453
    26     26   0.6205451689258422
    27     26   0.10597226633181486
    28     26   -0.29002751197582416
    29     26   -0.10123657785778807
    30     26   0.08530008689057167
    31     26   -0.07061961211404877
    32     26   -0.1469902699979604
    33     26   -0.02249106820174817
    34     26   0.14303071394655442
    35     26   -0.48642614121443156
    36     26   0.14853946505300636
    37     26   -0.2660825547450472
    38     26   -0.13687570890910417
    39     26   0.017915527935552372
    40     26   -0.2250230366115944
    41     26   0.6717563234778263
    42     26   0.2075969170222095
    43     26   0.31712679980564507
    44     26   -0.21427293281813653
    45     26   0.12408580188611379
    46     26   -0.35730412912885645
    47     26   0.4009377649603166
    48     26   -0.391676140785803
    49     26   0.423479618917596
    50     26   -0.3789957609938689
    27     27   -0.2308947845781857
    28     27   0.4437059602339957
    29     27   -0.2215348334812564
    30     27   0.03782092770044174
    31     27   0.7328174238323819
    32     27   0.47253971513583826
    33     27   0.016689046054568446
    34     27   0.3201435892238009
    35     27   0.29279272691812763
    36     27   -0.23390894927136735
    37     27   -0.40346427833229137
    38     27   -0.056207447958209034
    39     27   0.2603828471446247
    40     27   -0.20483901311603417
    41     27   0.7243187423233355
    42     27   0.2540161523897986
    43     27   0.3905412488052915
    44     27   0.015148227519313162
    45     27   0.2859219936210075
    46     27   -0.11836547295112589
    47     27   0.29169381272604733
    48     27   0.07842986297762973
    49     27   0.10908395447951394
    50     27   -0.15683112408337066
    28     28   -0.36131807488766143
    29     28   0.16145195364339354
    30     28   -0.023152631151013875
    31     28   0.058335994207002265
    32     28   -0.6621868344889299
    33     28   0.11363150771770464
    34     28   0.5644668521000371
    35     28   0.4781016895917154
    36     28   0.02509071450234826
    37     28   -0.05715665809519094
    38     28   0.2542195542664453
    39     28   0.18840962473630213
    40     28   -0.1363740967318597
    41     28   -0.1488716691849894
    42     28   0.5172228637167056
    43     28   0.17603544869726237
    44     28   0.02856573048927248
    45     28   0.20291712972329046
    46     28   -0.3089764144651238
    47     28   0.5399587042464064
    48     28   0.052504794996298954
    49     28   -0.05203928063828009
    50     28   -0.02046584272005502
    29     29   -0.2826374942440091
    30     29   -0.0698665442541063
    31     29   -0.3928729087943203
    32     29   0.1861864209995658
    33     29   -0.07434755499471997
    34     29   -0.03425474414948235
    35     29   0.5174492486563469
    36     29   -0.15706848537233284
    37     29   0.3235977092563863
    38     29   0.051318174527083704
    39     29   -0.15455713519587422
    40     29   -0.2936047219958433
    41     29   -0.24879245556670967
    42     29   -0.3806008111679533
    43     29   -0.082379183457915
    44     29   -0.10680266888892798
    45     29   0.0806681078540104
    46     29   -0.04083957841568124
    47     29   0.4807846823311992
    48     29   -0.16266148197101515
    49     29   -0.08955635946251539
    50     29   0.6382419579003266
    30     30   0.8956362883624911
    31     30   -0.02040052572674672
    32     30   0.29700488983874884
    33     30   -0.0772427631975532
    34     30   -0.0022856115161562496
    35     30   0.36623890042388996
    36     30   -0.14471869367742718
    37     30   0.24107176530322
    38     30   0.11915579955549538
    39     30   -0.4135383298754542
    40     30   0.38765502675941643
    41     30   -0.18395070111167108
    42     30   -0.20621894213767641
    43     30   0.00044484439317855895
    44     30   0.253901706838338
    45     30   -0.2797717591470778
    46     30   -0.07559678431594383
    47     30   0.005559379362361956
    48     30   -0.08563191672933411
    49     30   -0.5790045545782245
    50     30   -0.27933240532586007
    31     31   -1.0908651735419939
    32     31   0.06255498142355263
    33     31   -0.4672272922623606
    34     31   0.543476259085396
    35     31   0.16693439209982902
    36     31   0.19224562926292166
    37     31   0.053420758607478726
    38     31   -0.006254920837416633
    39     31   -0.0011612342677962267
    40     31   0.5178254011600177
    41     31   0.12184759092066194
    42     31   0.2418958226981524
    43     31   0.21988871038877894
    44     31   0.26100298435036196
    45     31   -0.198820232803964
    46     31   0.2121425108061859
    47     31   0.10583693470679845
    48     31   0.007715782569260657
    49     31   -0.15146574819636174
    50     31   -0.23189604874426334
    32     32   -0.09630141217754694
    33     32   0.044620733888891526
    34     32   0.3375689260366155
    35     32   -0.0370949043277847
    36     32   -0.14810791349137534
    37     32   -0.3593180113694808
    38     32   -0.09228424934944543
    39     32   -0.07832313356305737
    40     32   -0.10900312551694931
    41     32   0.06215066686015702
    42     32   -0.010764842948368658
    43     32   -0.7943033870944869
    44     32   -0.07576196767285037
    45     32   -0.008228982157548526
    46     32   -0.3863482542538337
    47     32   0.01056887534738743
    48     32   -0.25752435500662807
    49     32   0.06941724601867047
    50     32   -0.33327328200327544
    33     33   1.0933606848140998
    34     33   -0.24242348668078004
    35     33   -0.17350110825383447
    36     33   -0.42739256135191606
    37     33   -0.3672867952745489
    38     33   0.17156048806534208
    39     33   -0.1724290597715632
    40     33   0.1457845530228184
    41     33   0.05061950753125938
    42     33   -0.01848911103074502
    43     33   -0.01827979978658921
    44     33   0.5453388358028339
    45     33   -0.4741260806401286
    46     33   -0.5372393001577661
    47     33   0.26178482526580965
    48     33   -0.3260149415751009
    49     33   -0.028079347767713786
    50     33   -0.21066989218009952
    34     34   -0.523577677475118
    35     34   0.06337064709523887
    36     34   0.32244926438329535
    37     34   -0.30357868704047036
    38     34   -0.041687344408173274
    39     34   -0.0027468009905058655
    40     34   0.28271149344574703
    41     34   0.37573304596826546
    42     34   0.03360121307918248
    43     34   0.49551738372341964
    44     34   -0.07375403104458128
    45     34   0.1593593530104001
    46     34   0.1371832338188185
    47     34   -0.04899729886135157
    48     34   -0.438332133986244
    49     34   -0.05411993544758703
    50     34   0.06280360956200576
    35     35   -0.3966659769372958
    36     35   0.26820086201372395
    37     35   -0.1408580805846942
    38     35   -0.1798214721596519
    39     35   0.6315629497950681
    40     35   -0.4152618662705234
    41     35   0.40515820456071405
    42     35   -0.32664019678995126
    43     35   0.023982101136332354
    44     35   0.13982101354546594
    45     35   -0.08141746546275047
    46     35   0.2629545321211671
    47     35   0.22632925798590928
    48     35   0.1883459014568459
    49     35   -0.18176380814645884
    50     35   -0.10201990893464552
    36     36   0.1516476940793245
    37     36   0.5166338215505772
    38     36   0.1522061968815976
    39     36   -0.16859980281617093
    40     36   0.17487102472082983
    41     36   -0.9069585299198091
    42     36   0.29503491830437467
    43     36   0.17647673545868536
    44     36   0.1739947931182113
    45     36   0.08081046231424446
    46     36   -0.10923805898111849
    47     36   -0.2897718268135805
    48     36   -0.2911142193519053
    49     36   0.6156701101286819
    50     36   0.06228311464074503
    37     37   -0.3558202388420908
    38     37   -0.15549670087986742
    39     37   0.16247920585954517
    40     37   0.46922833438018047
    41     37   0.13756859543110891
    42     37   -0.052932154570970585
    43     37   0.19720117419389666
    44     37   0.026078546839422827
    45     37   -0.06910919361416121
    46     37   -0.1010811985848418
    47     37   0.00091808747264438
    48     37   0.543221061761505
    49     37   -0.11547459124716991
    50     37   -0.1058175349531734
    38     38   0.7511284372477242
    39     38   -0.06783969335746384
    40     38   0.06449997008472687
    41     38   -0.24228221345696851
    42     38   -0.16781806109110972
    43     38   0.11578768342498477
    44     38   -0.2074608342559695
    45     38   -0.12751744220213398
    46     38   0.2048396364399858
    47     38   -0.16916250066760719
    48     38   0.19010165160389902
    49     38   -0.04556518672672703
    50     38   0.09026940533406036
    39     39   -1.4338543259425502
    40     39   -0.033535336435845955
    41     39   0.1689118242193765
    42     39   -0.2173563432227983
    43     39   -0.11537707013372975
    44     39   0.15414123830623894
    45     39   0.10139839274506039
    46     39   0.052479379255667646
    47     39   -0.39293221517444354
    48     39   -0.016035211245415584
    49     39   0.45230994383657386
    50     39   0.15869666465415422
    40     40   -0.7361797757182087
    41     40   -0.16329802448837155
    42     40   -0.2293750246959937
    43     40   -0.3548677752941175
    44     40   0.044941807243589926
    45     40   0.30613041184242057
    46     40   -0.3017241431494021
    47     40   -0.16379024329769554
    48     40   -0.4056205003497385
    49     40   0.42342132948118794
    50     40   1.0003909403559847
    41     41   -0.6456512450537701
    42     41   0.10870789784831167
    43     41   -0.24565547054280795
    44     41   0.43307943363042173
    45     41   0.2308490499522592
    46     41   -0.002801993887158946
    47     41   -0.19320833467670417
    48     41   -0.005482090419949542
    49     41   0.4276745818492096
    50     41   -0.03482703897842521
    42     42   0.17810590326362719
    43     42   -0.03338711985068596
    44     42   0.39236004708034655
    45     42   -0.32572288401511573
    46     42   -0.14821407509390436
    47     42   -0.17784855162448496
    48     42   0.02759462673238093
    49     42   -0.20039529606934306
    50     42   -0.08460689680798472
    43     43   -1.6234642581310168
    44     43   0.038071893154386846
    45     43   0.17486919915147356
    46     43   -0.04142645608028453
    47     43   0.10075253413199312
    48     43   0.6343056405037631
    49     43   0.21541072364555894
    50     43   -0.13919833687500607
    44     44   -2.1081124037211074
    45     44   -0.2755333355873761
    46     44   0.12370546805455693
    47     44   0.30335126654848976
    48     44   0.0811166439191332
    49     44   -0.15007872349095
    50     44   -0.4632702313520131
    45     45   -1.0449266980398302
    46     45   -0.7098344441804274
    47     45   0.04382412392763946
    48     45   0.02383301857182646
    49     45   0.2853962023522316
    50     45   0.7892616721044671
    46     46   1.9009179531338127
    47     46   -0.20292073932342375
    48     46   -0.7418971901758163
    49     46   0.21730385256316198
    50     46   0.22002280340465855
    47     47   -0.26111003612115913
    48     47   0.24606412096521624
    49     47   -0.9057580491700292
    50     47   -0.697220717654915
    48     48   -0.591701318198028
    49     48   -0.2945292900401427
    50     48   0.11467942525655385
    49     49   0.8491098321350335
    50     49   -0.5341019048454803
    50     50   0.6956760519171539
