%%MatrixMarket matrix coordinate real symmetric
%=================================================================================
%
% This ASCII file represents a sparse MxN matrix with L
% nonzeros in the following Matrix Market format:
%
% +----------------------------------------------+
% |%%MatrixMarket matrix coordinate real general | <--- header line
% |%                                             | <--+
% |% comments                                    |    |-- 0 or more comment lines
% |%                                             | <--+
% |    M  N  L                                   | <--- rows, columns, entries
% |    I1  J1  A(I1, J1)                         | <--+
% |    I2  J2  A(I2, J2)                         |    |
% |    I3  J3  A(I3, J3)                         |    |-- L lines
% |        . . .                                 |    |
% |    IL JL  A(IL, JL)                          | <--+
% +----------------------------------------------+
%
% Indices are 1-based, i.e. A(1,1) is the first element.
%
%=================================================================================
  50  50  1275
    1     1   -0.33339322999977267
    2     1   -0.2573107231983974
    3     1   0.05153236396186381
    4     1   -0.16170413762118624
    5     1   0.1781928671125248
    6     1   0.290012022057256
    7     1   -0.10936189850332301
    8     1   -0.06840745853262284
    9     1   -0.12656999650007283
    10     1   0.18465587721448523
    11     1   0.03313849921568664
    12     1   0.029602242025701574
    13     1   -0.34051909408406306
    14     1   -0.4831863704597218
    15     1   -0.13651690643571676
    16     1   0.4873823902053983
    17     1   0.0874664579064272
    18     1   0.0056957390147398534
    19     1   -0.13325802448078522
    20     1   0.14555596369701826
    21     1   0.22266044168127822
    22     1   0.41865411185465506
    23     1   0.2573178382266339
    24     1   0.038206079341451926
    25     1   0.0016078170553575077
    26     1   -0.197578129372865
    27     1   -0.45585178103309654
    28     1   0.5093045483303373
    29     1   -0.2730063841843015
    30     1   0.1883627325379208
    31     1   -0.002992205068055004
    32     1   -0.016090133377964
    33     1   0.13176011716395725
    34     1   0.32188695340094137
    35     1   0.6792229887387701
    36     1   -0.21525330373472634
    37     1   -0.49215615519930256
    38     1   -0.12390675864157183
    39     1   -0.15227288110802253
    40     1   0.10335817759036303
    41     1   0.222852011942425
    42     1   0.049810024802120115
    43     1   -0.005529083232885201
    44     1   -0.1290907997031778
    45     1   0.09497765804987716
    46     1   -0.44440214464008193
    47     1   0.3205839896057668
    48     1   -0.12039194009647995
    49     1   -0.0195741791077252
    50     1   0.07791703558273247
    2     2   0.3388581033712522
    3     2   -0.1376601435065321
    4     2   -0.04965966775796673
    5     2   0.13649439612559722
    6     2   -0.4097952468504071
    7     2   0.3908510104096231
    8     2   -0.14430913474433305
    9     2   -0.24097429529374992
    10     2   0.0626998580396471
    11     2   -0.566620415872071
    12     2   -0.14198472736500134
    13     2   -0.03863110861952953
    14     2   0.002841169230600432
    15     2   0.13147992395267596
    16     2   0.04021620560971298
    17     2   -0.267230526786958
    18     2   0.10373919466310899
    19     2   0.08936081199614364
    20     2   -0.6956623754857703
    21     2   0.14493707120784644
    22     2   0.012170666229030812
    23     2   -0.5872995901726052
    24     2   -0.1631574080229581
    25     2   -0.3272951511724129
    26     2   0.3834887422493941
    27     2   0.07890298811228107
    28     2   0.09908066156034362
    29     2   -0.603251247598436
    30     2   0.2081786739703669
    31     2   0.41344031820412114
    32     2   0.30514100667675337
    33     2   0.7371000904999458
    34     2   0.16465793960422734
    35     2   0.3153039598198504
    36     2   -0.410937824533374
    37     2   0.10540768390003505
    38     2   0.4303604186729214
    39     2   -0.39860160919971027
    40     2   0.12753390260967995
    41     2   0.10746091717311444
    42     2   -0.24471009493602872
    43     2   -0.005439586630775935
    44     2   -0.09513285087121422
    45     2   0.2366958622410607
    46     2   -0.26097267123136947
    47     2   0.05099809182078793
    48     2   -0.01757961326930764
    49     2   0.4781466099000901
    50     2   0.029811631897444173
    3     3   -0.013263013287561506
    4     3   0.12698976461138273
    5     3   -0.5616175284375104
    6     3   0.030024902768020743
    7     3   0.010134506362253534
    8     3   0.23659769405937076
    9     3   -0.25635451397405606
    10     3   0.09927049588836856
    11     3   -0.7696064235200251
    12     3   0.008317922154575705
    13     3   0.6517197072844841
    14     3   0.4351402879202086
    15     3   0.32234117300679854
    16     3   -0.22516745031071225
    17     3   -0.09803628044907092
    18     3   0.18394846600917836
    19     3   -0.5947785439686714
    20     3   0.2785318279002386
    21     3   0.2972476656068186
    22     3   -0.29986416461032156
    23     3   0.3314402911680838
    24     3   0.2893533766328827
    25     3   0.10922807496372097
    26     3   -0.18973579223281867
    27     3   -0.007581337562419688
    28     3   -0.2737898748520695
    29     3   0.14477291816383242
    30     3   0.5872096896337318
    31     3   -0.4683400813524787
    32     3   0.16636359017525532
    33     3   0.5237397815767637
    34     3   0.013151439966731765
    35     3   -0.6344441804091947
    36     3   -0.19610182886336258
    37     3   0.10840566577344721
    38     3   -0.045057722095933006
    39     3   0.36378906242758074
    40     3   0.38711691066084225
    41     3   0.10894345367161033
    42     3   -0.1455559028970662
    43     3   0.3247067256767904
    44     3   0.25548061675858413
    45     3   0.07128239851310414
    46     3   -0.27834117635676414
    47     3   -0.0016974576589445338
    48     3   -0.362785412850632
    49     3   -0.31398330031871247
    50     3   -0.6297556304941052
    4     4   1.003606710537725
    5     4   -0.6263336753704327
    6     4   0.20467371169221865
    7     4   -0.5403954136242644
    8     4   0.07470237466883138
    9     4   -0.060109165827794304
    10     4   0.03399818795989359
    11     4   0.012584777108088627
    12     4   -0.019672340786171055
    13     4   -0.013162459199327903
    14     4   0.08274195837933429
    15     4   0.1481197697726993
    16     4   0.00754123114211025
    17     4   0.12679848517032133
    18     4   0.74768477382483
    19     4   -0.20493607707064704
    20     4   0.6524498046068872
    21     4   0.1818760401341769
    22     4   -0.31791335766134593
    23     4   -0.5593397450792005
    24     4   -0.19412466609022497
    25     4   0.262935118115285
    26     4   -0.47453346013991576
    27     4   -0.7486929534241946
    28     4   -0.13315405330258231
    29     4   0.37547684609871057
    30     4   -0.06851395502434066
    31     4   -0.14965882704537742
    32     4   -0.5591773637456077
    33     4   0.3217484589101808
    34     4   0.2514614682070312
    35     4   -0.15734328714676848
    36     4   0.17808275424516556
    37     4   -0.13562875810214184
    38     4   0.1221838368082383
    39     4   -0.5510520023723912
    40     4   0.3861361083128387
    41     4   0.02379481732411215
    42     4   -0.17429805385997724
    43     4   -0.44206068661709175
    44     4   -0.13758944578911986
    45     4   0.0572872445126048
    46     4   -0.25059674014960226
    47     4   0.17872203331081649
    48     4   -0.06375432350284214
    49     4   0.08142161218436843
    50     4   0.1467800181349382
    5     5   0.8412037740689745
    6     5   0.5382747418710565
    7     5   0.15500581210250255
    8     5   -0.5424309497477041
    9     5   0.2358566066865105
    10     5   0.0006081710952638986
    11     5   -0.37357180284578956
    12     5   -0.027556459765249675
    13     5   -0.28251161850286893
    14     5   0.3899116623452519
    15     5   0.2084118161140916
    16     5   -0.05109795693149749
    17     5   -0.1932968591754944
    18     5   -0.004967024951603227
    19     5   -0.3270638694056429
    20     5   0.17225583065985955
    21     5   -0.20168923645469475
    22     5   0.15691486166802515
    23     5   0.46830812430120294
    24     5   0.030147782040952198
    25     5   0.2630855227941923
    26     5   -0.6422671979093522
    27     5   -0.31688295535200744
    28     5   -0.031243417935440467
    29     5   0.13488344260341112
    30     5   -0.16984982023126854
    31     5   -0.32173724673963305
    32     5   -0.1808609588008519
    33     5   -0.5880993065831344
    34     5   -0.24814628965849556
    35     5   0.28956291966669395
    36     5   0.15488456319408395
    37     5   0.2552326015347135
    38     5   -0.22019811982001206
    39     5   0.1711677585821117
    40     5   -0.27656899123076584
    41     5   -0.15830323469341503
    42     5   0.05792250051108962
    43     5   0.1911893638058921
    44     5   -0.08349157745590133
    45     5   -0.260362592828485
    46     5   0.4978480636106505
    47     5   0.22804649220495668
    48     5   0.06766221410429947
    49     5   0.17221064157614036
    50     5   -0.14633761362177222
    6     6   1.595470737143592
    7     6   0.13086635248392348
    8     6   0.11421259961152014
    9     6   -0.04612870253805744
    10     6   -0.46438852048978646
    11     6   0.19917937292179827
    12     6   0.22851510648367418
    13     6   -0.3596971697557549
    14     6   0.1160468296100243
    15     6   0.02109817332976855
    16     6   0.058385313961034135
    17     6   -0.17501271301144294
    18     6   -0.18522878790314828
    19     6   0.17072774225200577
    20     6   -0.12437105848840804
    21     6   -0.2672828196210982
    22     6   0.17679737362678188
    23     6   0.09431585478531726
    24     6   -0.38028366626895027
    25     6   0.14597447381868883
    26     6   0.0824667557949282
    27     6   -0.12915288870671165
    28     6   -0.24897334910186175
    29     6   0.2480173458046066
    30     6   -0.026957498630202942
    31     6   -0.11015750283308595
    32     6   0.31028494924974426
    33     6   0.1643630006879716
    34     6   -0.32070157234091123
    35     6   -0.2800991361044245
    36     6   -0.2004260387865175
    37     6   -0.6471404214268796
    38     6   0.15993948539369957
    39     6   0.5307979873121745
    40     6   -0.5991125715393671
    41     6   -0.04708551991967283
    42     6   -0.0899092214265265
    43     6   -0.5140680986325779
    44     6   -0.06515552106315499
    45     6   -0.5238798541894564
    46     6   -0.12303108107667932
    47     6   -0.05325961617078433
    48     6   -0.10427263714036286
    49     6   -0.20609399612487828
    50     6   -0.5042503596622887
    7     7   0.14314491831288345
    8     7   -0.1865855216266416
    9     7   -0.30307341437074
    10     7   0.12167821618254673
    11     7   0.2049426047306889
    12     7   -0.43442717707978834
    13     7   -0.026505398409696068
    14     7   0.0805184037015016
    15     7   0.038615242446707575
    16     7   0.2679964982549219
    17     7   -0.14907866043526927
    18     7   0.12242085669816492
    19     7   -0.25741574819098256
    20     7   -0.11851197221059068
    21     7   -0.08522223546431648
    22     7   -0.6630601058425506
    23     7   -0.24584019751810998
    24     7   -0.11880992275496384
    25     7   -0.3865446226561118
    26     7   -0.03795479176500914
    27     7   0.2796665174774665
    28     7   -0.15005574398252067
    29     7   0.07055710831798011
    30     7   0.6630139745281456
    31     7   -0.35262434955656474
    32     7   -0.052272441367629575
    33     7   0.6408711583022543
    34     7   -0.06532704982284034
    35     7   -0.11804838230858
    36     7   0.027210616699152215
    37     7   0.05230189300610805
    38     7   0.037016066634941856
    39     7   -0.25044347899721836
    40     7   -0.25377151605157244
    41     7   0.8024038623844807
    42     7   -0.22313033046330702
    43     7   0.3634253408840099
    44     7   0.2503723666977985
    45     7   0.17582760655388724
    46     7   0.1370875010497022
    47     7   -0.2450284728411334
    48     7   -0.1659500791184789
    49     7   -0.24880916409315115
    50     7   0.47917473652082554
    8     8   0.23998594273269142
    9     8   -0.22416024871619278
    10     8   -0.02893255250608534
    11     8   0.23401627309212653
    12     8   -0.569398101993559
    13     8   0.12502979499980638
    14     8   0.47535585986109885
    15     8   -0.3884738905748144
    16     8   -0.41356277349098736
    17     8   -0.05302875522570927
    18     8   0.16031779887809258
    19     8   0.18339340530130083
    20     8   -0.2074753248281796
    21     8   0.38457348848072037
    22     8   -0.12482706122155314
    23     8   -0.13824484021597272
    24     8   0.10403040020185696
    25     8   -0.14422721459702686
    26     8   -0.2082067551984863
    27     8   -0.16236049589755658
    28     8   0.1461384384852517
    29     8   -0.12934880071357652
    30     8   0.011818639044529143
    31     8   0.1815387672891032
    32     8   -0.06278018058519526
    33     8   -0.25958584042436417
    34     8   0.45141170444984474
    35     8   -0.045890938159743294
    36     8   0.020064684258787706
    37     8   0.015664829067965007
    38     8   0.2945279890797047
    39     8   0.25718910180480026
    40     8   -0.0577976509862968
    41     8   0.0320275786696256
    42     8   0.5367404868302729
    43     8   -0.15935641251322286
    44     8   -0.22587777943726184
    45     8   -0.16188818829436907
    46     8   0.4017552051435752
    47     8   -0.27724311010272157
    48     8   -0.09471235866544012
    49     8   -0.07943453065269968
    50     8   0.23746787090874844
    9     9   1.0747061010436691
    10     9   0.5393108505210013
    11     9   0.2927485990915294
    12     9   0.4959455370291175
    13     9   -0.16943093769767245
    14     9   -0.21856851025349833
    15     9   0.0722394756976539
    16     9   -0.1973963472586943
    17     9   0.03001379446508498
    18     9   -0.2956492717407176
    19     9   0.056559458980837835
    20     9   -0.022358750327864794
    21     9   -0.1998561141203378
    22     9   -0.1572074174598107
    23     9   -0.3114022843594595
    24     9   0.30707696044251687
    25     9   -0.07530724317183674
    26     9   0.008777402125205332
    27     9   0.0013815558079784407
    28     9   0.1897478715720272
    29     9   -0.04620446187986535
    30     9   -0.2368799110249185
    31     9   -0.25781948048208725
    32     9   0.04087112579574437
    33     9   0.14900191026796192
    34     9   0.17384319124661368
    35     9   0.12744795053656804
    36     9   -0.28493228696294703
    37     9   -0.268605819024061
    38     9   -0.1218716934737029
    39     9   0.16947693800035002
    40     9   0.01343378377797691
    41     9   -0.1704443353237706
    42     9   -0.09228414234665254
    43     9   0.16908822286882413
    44     9   -0.03665682461039894
    45     9   0.20407038044159437
    46     9   -0.5283355548823172
    47     9   0.04496729677454667
    48     9   -0.4547378510529161
    49     9   0.0442075848739204
    50     9   -0.11215912441670926
    10     10   0.4128206382321088
    11     10   0.09309453919597367
    12     10   -0.39691906127647986
    13     10   -0.36511285975061136
    14     10   -0.37286418271074867
    15     10   -0.3125470906441554
    16     10   0.23939079022636983
    17     10   0.013643531744025742
    18     10   -0.010378315202150115
    19     10   -0.21954519930466215
    20     10   0.268365035923934
    21     10   0.12553129657753792
    22     10   0.09716484516037965
    23     10   -0.20031073223759543
    24     10   0.34861813409083114
    25     10   -0.18887271208289444
    26     10   -0.10998212744751612
    27     10   0.21969995424267338
    28     10   -0.10296352055927818
    29     10   -0.31668601655790407
    30     10   0.25089919653676473
    31     10   0.3620130429791992
    32     10   0.27707097593076635
    33     10   -0.24691135153250404
    34     10   -0.18430525700667946
    35     10   0.03591501146279255
    36     10   -0.04310266185027184
    37     10   -0.7658031477705365
    38     10   0.31508598406039345
    39     10   -0.01156259490156916
    40     10   -0.0056535669036340275
    41     10   -0.26352730259079893
    42     10   0.08065856516632451
    43     10   0.2544293251921842
    44     10   0.1761283722662287
    45     10   -0.3493713539889871
    46     10   0.006902513333246346
    47     10   -0.22304878674682954
    48     10   0.3164778466289763
    49     10   -0.4105380762474357
    50     10   0.24437509622508846
    11     11   1.2099263381664136
    12     11   -0.24301494586920008
    13     11   -0.3490320009786273
    14     11   -0.37152909019511904
    15     11   0.27086785035949257
    16     11   -0.084510720457944
    17     11   -0.3266218468635301
    18     11   -0.059024241924237233
    19     11   0.08367634451790934
    20     11   -0.35445916731512206
    21     11   0.16292900520302506
    22     11   0.24996395112547395
    23     11   -0.38968596650297527
    24     11   0.26687740888132433
    25     11   -0.44215158977068375
    26     11   0.02154615046208641
    27     11   0.20677673094676133
    28     11   0.36769785794804777
    29     11   0.47949842733454406
    30     11   0.2747154661906872
    31     11   -0.09568487836742945
    32     11   0.5222660028866428
    33     11   0.05197346484083031
    34     11   -0.5450521336499963
    35     11   -0.41367965475553414
    36     11   -0.4414979517778417
    37     11   -0.34658563245258744
    38     11   -0.4840174257108686
    39     11   -0.10450278171271712
    40     11   -0.1820459090717173
    41     11   -0.05827810840983555
    42     11   -0.19943028180314545
    43     11   -0.08622488150754484
    44     11   0.1212690464293654
    45     11   -0.09514603620323323
    46     11   -0.050992814517732854
    47     11   0.320339026885259
    48     11   0.2979686068917801
    49     11   0.06102785920072276
    50     11   0.18401616026283682
    12     12   -0.15799296198725216
    13     12   0.3702573832244405
    14     12   0.035466170704599204
    15     12   0.45707895254890607
    16     12   -0.1302715265797022
    17     12   0.048073693514593424
    18     12   -0.5311445471012215
    19     12   -0.09416522803586475
    20     12   0.49040339718717474
    21     12   0.007896937915927868
    22     12   0.4496964853223573
    23     12   -0.18366018865500527
    24     12   -0.20546531353208364
    25     12   -0.19314438613830298
    26     12   -0.0035002553695531735
    27     12   0.5032101043442567
    28     12   0.033436115563183655
    29     12   -0.6746487429509123
    30     12   -0.12867461599005847
    31     12   0.44342470882989476
    32     12   0.23984437385584906
    33     12   0.4397937759210496
    34     12   -0.4475475102096249
    35     12   0.03517062657184085
    36     12   0.31189987411012143
    37     12   -0.18483131603824632
    38     12   -0.22009586517933452
    39     12   0.0903326533287036
    40     12   -0.11357253602608117
    41     12   0.10997209665665819
    42     12   -0.24324395336498106
    43     12   0.39872452683452997
    44     12   0.13123147132637322
    45     12   -0.6925983504773854
    46     12   -0.15073976808521716
    47     12   -0.2810036469715286
    48     12   0.506889993626372
    49     12   0.5082598668735017
    50     12   0.25382247286165427
    13     13   -0.38220442228454743
    14     13   -0.1226075704998905
    15     13   -0.09269271793953142
    16     13   0.33136439043923926
    17     13   0.5247714939061419
    18     13   0.06237604466410099
    19     13   -0.07638366665917407
    20     13   -0.08441391263685435
    21     13   -0.1335567999634611
    22     13   0.3953170211547788
    23     13   -0.0717063576713605
    24     13   0.16400605103661514
    25     13   -0.1429533734892046
    26     13   0.19774839657322446
    27     13   0.48083859974279125
    28     13   0.21707535219187465
    29     13   -0.15073175843884096
    30     13   -0.2039245450172104
    31     13   -0.0346824385881388
    32     13   0.2615836825005594
    33     13   0.07895591468451961
    34     13   -0.3630982070903054
    35     13   0.1772833129556257
    36     13   0.18083540385990848
    37     13   -0.33609342351174454
    38     13   0.3426055158358122
    39     13   -0.06528002400391361
    40     13   0.16062887688847577
    41     13   0.2651864023472793
    42     13   -0.09866305042426998
    43     13   -0.19676801368915578
    44     13   -0.26091845131665226
    45     13   -0.10469372349646247
    46     13   0.02755719448348659
    47     13   -0.09671042159689969
    48     13   0.08565626213019364
    49     13   0.16760956798614984
    50     13   0.07648357871080821
    14     14   0.725424485017328
    15     14   -0.17413342423666653
    16     14   0.0650483458346704
    17     14   -0.2984807335687981
    18     14   -0.2957805878484699
    19     14   -0.3234119803214741
    20     14   0.2521378949792205
    21     14   -0.47535853379385684
    22     14   -0.024177100577819088
    23     14   0.0657276920875409
    24     14   -0.33023094890896576
    25     14   0.2601144899522253
    26     14   0.12189869359343243
    27     14   -0.5015601429170216
    28     14   0.04884256017520139
    29     14   -0.4925128869625617
    30     14   -0.3908674195534606
    31     14   0.12274588638740477
    32     14   -0.3860763348150976
    33     14   0.1783518531337567
    34     14   -0.016714006747638538
    35     14   0.003264093231003032
    36     14   0.2628357862568319
    37     14   0.17029014410586218
    38     14   -0.12158447626397008
    39     14   -0.4032797515163811
    40     14   -0.08449851268738928
    41     14   0.5309931810215807
    42     14   -0.2621235732682965
    43     14   0.5738622510124765
    44     14   0.7128623143216998
    45     14   0.6003186678604118
    46     14   0.2503872415860144
    47     14   -0.29904572748871167
    48     14   -0.33761086893629194
    49     14   -0.00047496559031839913
    50     14   -0.50187470720444
    15     15   1.4302272195071744
    16     15   -0.2685845228127765
    17     15   0.16139236504319268
    18     15   -0.06938398264188518
    19     15   -0.43884601489308517
    20     15   -0.014094723578577245
    21     15   -0.0469033989480169
    22     15   -0.12171252534665616
    23     15   -0.10110018131223324
    24     15   -0.36559573222738334
    25     15   -0.1686339478417415
    26     15   0.22133332006157797
    27     15   -0.07806759625919873
    28     15   -0.2300489857646551
    29     15   -0.08165575230167682
    30     15   -0.15405451009863197
    31     15   -0.13599339957223605
    32     15   -0.4652887607176558
    33     15   -0.14755107122571642
    34     15   -0.2698644340608586
    35     15   -0.12639745487986098
    36     15   0.1401674819696796
    37     15   0.38285066976454757
    38     15   0.13049624564585027
    39     15   0.1382799388414162
    40     15   0.10489310385546419
    41     15   0.3882576127316394
    42     15   -0.3856825604365415
    43     15   -0.3083728903273574
    44     15   0.23004705442325982
    45     15   -0.06741299440088595
    46     15   -0.30418902246512314
    47     15   0.0036580117390016265
    48     15   -0.33860294098416105
    49     15   -0.27774789083781054
    50     15   -0.36193329655316214
    16     16   0.12022436530291189
    17     16   0.5090150831348429
    18     16   0.03619177081238381
    19     16   -0.04186335878843196
    20     16   0.0815955648477027
    21     16   0.21836144822968245
    22     16   -0.0025202538507693023
    23     16   0.09208072056153305
    24     16   -0.06812513223856312
    25     16   -0.09223124166881674
    26     16   -0.2813385829466014
    27     16   0.08057901180030322
    28     16   -0.07146559333594046
    29     16   -0.25028610536929635
    30     16   0.3274617535245342
    31     16   -0.010491982948559974
    32     16   -0.3372873704923388
    33     16   -0.1440943119300504
    34     16   0.34666494263162817
    35     16   0.5014226172634753
    36     16   -0.24744777399799722
    37     16   0.10184648778136318
    38     16   0.09624262351847246
    39     16   0.023605355903040498
    40     16   -0.15903724725940518
    41     16   0.24335039667829328
    42     16   -0.3260217831580741
    43     16   -0.020387781758059248
    44     16   0.19596919624948458
    45     16   -0.5789635055869382
    46     16   -0.07086698681072978
    47     16   0.011390103046234626
    48     16   0.05095806297571043
    49     16   -0.5050747339370372
    50     16   -0.07641399131804175
    17     17   -0.005279382351054462
    18     17   0.16137553876311067
    19     17   -0.20000950660997713
    20     17   0.014413252835700122
    21     17   0.26226547224098706
    22     17   0.201212588609744
    23     17   -0.41925419031493427
    24     17   -0.23563995838363866
    25     17   0.08589623719870725
    26     17   -0.42352130678246835
    27     17   -0.8440425108488664
    28     17   0.13243942340085582
    29     17   0.14976687750301101
    30     17   -0.007534794043679932
    31     17   0.049372368371724984
    32     17   -0.3063452935576875
    33     17   0.18169783071528284
    34     17   -0.11180076898087127
    35     17   0.20015890877730358
    36     17   -0.31946000515986406
    37     17   0.3294166666256524
    38     17   -0.4173910390502685
    39     17   0.07396674458491573
    40     17   -0.10014629066460355
    41     17   0.27768210749662336
    42     17   0.04201117349240587
    43     17   -0.18046312096989858
    44     17   0.45958693127857403
    45     17   -0.03809709615465287
    46     17   0.1460156542180414
    47     17   0.1640088355670804
    48     17   0.4821635177741027
    49     17   0.08825195914099014
    50     17   0.17217402826034972
    18     18   0.4014437249210101
    19     18   -0.3066676022901417
    20     18   -0.15656519865290436
    21     18   0.458842491594155
    22     18   -0.01905113128197666
    23     18   -0.22205190100790478
    24     18   0.35774655475272754
    25     18   -0.5816508172526659
    26     18   0.4903117071991473
    27     18   -0.10919836150920828
    28     18   -0.09714797097175967
    29     18   -0.3243842174053707
    30     18   -0.19297150501755506
    31     18   0.029490207836559604
    32     18   -0.23112455561440506
    33     18   0.19974202471767594
    34     18   0.1226123102332134
    35     18   0.21328274063667724
    36     18   0.5123124570767275
    37     18   0.49680245954239655
    38     18   -0.3203000662442046
    39     18   0.19467958120209905
    40     18   -0.27967654925176305
    41     18   0.033583055655613425
    42     18   0.4249870636902006
    43     18   -0.10190162766969521
    44     18   0.07467733957804065
    45     18   -0.0860646086535796
    46     18   -0.3402218124455914
    47     18   -0.34872748466578185
    48     18   -0.13079032357643425
    49     18   -0.48002681036820044
    50     18   -0.21562832369238866
    19     19   2.399828820704563
    20     19   0.025697212747590133
    21     19   -0.23444983291918106
    22     19   -0.42151431082336793
    23     19   -0.18481591749863907
    24     19   0.10264684088660325
    25     19   -0.0036793655827600386
    26     19   -0.10456888948783052
    27     19   -0.37423291407734016
    28     19   -0.2514570388902622
    29     19   -0.15146866786232333
    30     19   -0.2941599964122347
    31     19   -0.06920514087235802
    32     19   -0.4177411632559907
    33     19   0.2667660718284265
    34     19   0.03469038625760709
    35     19   0.05999186174404683
    36     19   -0.031351999066662056
    37     19   0.08220437737072131
    38     19   0.08630895236730099
    39     19   -0.06113991349715289
    40     19   0.06549936746386106
    41     19   0.3828771919479248
    42     19   -0.285999016687285
    43     19   0.1065657788024448
    44     19   -0.2916375869192461
    45     19   0.07170125476584417
    46     19   0.18723706085381944
    47     19   -0.09947773021447276
    48     19   -0.15481349078464954
    49     19   -0.003650923269362727
    50     19   -0.2018530433528536
    20     20   -1.0787527742846406
    21     20   0.05475243196311422
    22     20   0.1700973919093028
    23     20   -0.11448225286043355
    24     20   -0.011483098344684639
    25     20   0.18629959970325022
    26     20   0.01726430390214541
    27     20   -0.0007222766466291053
    28     20   0.22540561857390407
    29     20   0.08014686409839317
    30     20   -0.17075935018815608
    31     20   -0.3602944171672001
    32     20   0.3792147275688235
    33     20   0.09774455287561755
    34     20   0.022498934080842206
    35     20   0.20934361903291715
    36     20   0.25029228450591345
    37     20   0.0827160798407361
    38     20   0.26962656340631563
    39     20   0.487307819537108
    40     20   0.08398625626510786
    41     20   -0.6591261958493463
    42     20   0.1451744031212261
    43     20   -0.2657585864990637
    44     20   0.4003666892292736
    45     20   0.08092366277703675
    46     20   0.17038959704539855
    47     20   -0.34303666910152897
    48     20   0.1911253321034179
    49     20   -0.22259429181253249
    50     20   0.09759265363795719
    21     21   0.11636730698805037
    22     21   0.3884950395520998
    23     21   0.12203862786068495
    24     21   0.26751019776249035
    25     21   0.16740890185871088
    26     21   -0.3286050648701092
    27     21   -0.1666880136862311
    28     21   -0.2836532559138447
    29     21   -0.30760033429897443
    30     21   0.2915903026732561
    31     21   0.02982068491074269
    32     21   0.09007057364375998
    33     21   -0.04355019969755594
    34     21   -0.40152313933796024
    35     21   -0.2294211152126957
    36     21   0.14371688999826362
    37     21   0.36244232773493434
    38     21   0.12644116172381836
    39     21   -0.18854492788015004
    40     21   -0.09374871826844143
    41     21   -0.09831417335728922
    42     21   0.12975151762681997
    43     21   -0.15209099709928492
    44     21   -0.11295975681757074
    45     21   -0.190159885028566
    46     21   0.505081121776042
    47     21   -0.08348030731126295
    48     21   -0.7127554644957474
    49     21   -0.18985128716626926
    50     21   -0.1517101402060773
    22     22   -0.6901241542430829
    23     22   0.15146706917321326
    24     22   -0.16625164289073935
    25     22   0.18124311330344292
    26     22   0.35963486660024624
    27     22   -0.2559621002937529
    28     22   0.15352841223941927
    29     22   0.3658391698915564
    30     22   0.19602822753817434
    31     22   0.15714827447989344
    32     22   -0.1484585441944629
    33     22   -0.25344026824925
    34     22   0.2324689111941592
    35     22   -0.09647422835556171
    36     22   -0.07972867690041169
    37     22   -0.023128932668285945
    38     22   -0.10060910395757816
    39     22   -0.5407276190523106
    40     22   0.5295346672278848
    41     22   0.036331863433826744
    42     22   -0.1306125165056868
    43     22   -0.07188798627943947
    44     22   0.5771549955065831
    45     22   -0.5211880667605744
    46     22   -0.25962624571380005
    47     22   0.3670580085416911
    48     22   0.19489981937407994
    49     22   0.07783427800434943
    50     22   -0.11646434373695916
    23     23   1.3651357819454504
    24     23   0.38724237656615806
    25     23   -0.10634273444579521
    26     23   -0.2996349166517161
    27     23   -0.13351946731405745
    28     23   -0.16887576737611437
    29     23   0.017140113589971195
    30     23   -0.32253633448057434
    31     23   -0.18239173337338713
    32     23   0.034697180977230964
    33     23   -0.22049417543671518
    34     23   -0.16621769324238195
    35     23   -0.12400334187094186
    36     23   -0.1629978328810238
    37     23   -0.01994020900525706
    38     23   0.38917658712779196
    39     23   -0.18225336917585133
    40     23   0.4390035557333065
    41     23   0.46685101090250936
    42     23   -0.1986114893558057
    43     23   -0.3344490948498556
    44     23   0.14054688313736835
    45     23   -0.7578620085156134
    46     23   0.2527340614247183
    47     23   0.34947537956738134
    48     23   -0.17392459206103034
    49     23   0.09120979103352511
    50     23   0.40220438332747815
    24     24   0.3107172115001817
    25     24   -0.24083611137148356
    26     24   0.38957072137373017
    27     24   0.16015420648477025
    28     24   -0.2835246123529045
    29     24   -0.30089688252529684
    30     24   0.3814008340878764
    31     24   -0.387474972138231
    32     24   -0.05708331408314837
    33     24   -0.15643463886870176
    34     24   -0.3682327915919524
    35     24   0.024090346107270733
    36     24   0.16626747869378938
    37     24   -0.2052860999209083
    38     24   -0.07575617510653239
    39     24   -0.41604453867163416
    40     24   0.30338432773379687
    41     24   -0.06516858875177939
    42     24   -0.19301465908618076
    43     24   0.13141623378549935
    44     24   0.01814231669726439
    45     24   0.38595317668770746
    46     24   0.06448105449812853
    47     24   -0.17767982742381913
    48     24   0.055150516002671526
    49     24   -0.41049028170714863
    50     24   0.2121831854735977
    25     25   -0.5632912796996927
    26     25   0.4262546685791814
    27     25   -0.3878850902597548
    28     25   -0.1531368604038622
    29     25   -0.038267213549126815
    30     25   -0.048095443116173975
    31     25   0.15992656628216334
    32     25   -0.25127309721342006
    33     25   -0.22279727887702083
    34     25   -0.21504269707666052
    35     25   0.27979672503486663
    36     25   0.46690387519492027
    37     25   -0.032781628508030916
    38     25   -0.07688478020157119
    39     25   -0.06681094299650647
    40     25   0.042913772578208026
    41     25   0.08026331579052423
    42     25   0.8215185132922362
    43     25   0.18274823768710147
    44     25   0.023628588259859574
    45     25   0.4079204240998466
    46     25   0.0661297105219457
    47     25   0.25860243733286764
    48     25   0.0826037765122378
    49     25   0.300054308871392
    50     25   0.45036983404231834
    26     26   0.19165251437954697
    27     26   0.44935411655109003
    28     26   -0.5659192690776311
    29     26   -0.006464709504001048
    30     26   -0.22736871058118424
    31     26   0.14292872365208414
    32     26   -0.20987659940474582
    33     26   0.2214941563578628
    34     26   -0.26583598501640693
    35     26   -0.00500953815844378
    36     26   -0.052901855897787564
    37     26   0.2958791324198823
    38     26   0.5388934974282462
    39     26   -0.31611788981985534
    40     26   0.10425994535344234
    41     26   0.2293255382225567
    42     26   -0.07353167458764621
    43     26   0.1749886310736903
    44     26   0.1639975626914758
    45     26   -0.38121623775065633
    46     26   0.3377121799762077
    47     26   0.156156550047827
    48     26   -0.4511943233834276
    49     26   -0.06734994120650631
    50     26   0.005623213514775294
    27     27   0.9219946099842117
    28     27   -0.7467536147793844
    29     27   -0.12695247959292544
    30     27   0.47446784766844247
    31     27   -0.13723088397316074
    32     27   0.15678319400289825
    33     27   0.25940352528122823
    34     27   0.48124965682158777
    35     27   0.25212229180508156
    36     27   -0.10175200982822497
    37     27   -0.1274754997710468
    38     27   -0.3151820699297631
    39     27   0.16564412839860632
    40     27   -0.40248185345698534
    41     27   0.1773207103469819
    42     27   0.23378559417940076
    43     27   -0.2518600903969093
    44     27   0.11154809874238722
    45     27   0.11755810232008099
    46     27   -0.434431909943773
    47     27   0.06833586821715565
    48     27   -0.05341841194853088
    49     27   0.17276385539568168
    50     27   0.3944038307504231
    28     28   1.3264021686347747
    29     28   0.08005042648119401
    30     28   -0.01833526093624599
    31     28   0.4752161132622967
    32     28   0.01585039829258822
    33     28   -0.12780321247556228
    34     28   0.1772497262387312
    35     28   -0.2296467922114529
    36     28   -0.22375955517234233
    37     28   -0.24910066776776957
    38     28   -0.32531907302914775
    39     28   -0.4177353533111671
    40     28   0.033702208271932044
    41     28   0.024886541325152806
    42     28   -0.4508932810887944
    43     28   0.09642743659972752
    44     28   -0.210192723542224
    45     28   0.3471552577305791
    46     28   -0.08342691635380542
    47     28   0.13924140848288044
    48     28   0.27211540983241134
    49     28   0.05565986089582259
    50     28   -0.3646802202346879
    29     29   0.3186940918529044
    30     29   0.41535168960804614
    31     29   0.3893079280641115
    32     29   -0.03852459278105197
    33     29   0.4190435669940285
    34     29   -0.4573341763443849
    35     29   -0.24680066240241602
    36     29   0.4712347503795443
    37     29   0.046541274314335135
    38     29   0.28416089903399255
    39     29   0.08465270026008312
    40     29   0.2284798631488601
    41     29   0.1474295758329059
    42     29   -0.01219616056442717
    43     29   -0.1040840625687907
    44     29   -0.30035458738376203
    45     29   -0.11003921654231558
    46     29   -0.12635456977570203
    47     29   0.16953330201635777
    48     29   0.21357270556023372
    49     29   -0.07181673391757071
    50     29   0.08902544517029322
    30     30   -1.206461871981923
    31     30   -0.06578137140821212
    32     30   0.16820109189115784
    33     30   -0.08162877952572159
    34     30   0.41215757986424445
    35     30   -0.11448678381258168
    36     30   -0.01444596672117747
    37     30   -0.5430931453422605
    38     30   -0.867408523818689
    39     30   -0.26018853083971116
    40     30   0.12262845988390181
    41     30   0.08163817346844804
    42     30   0.5147503784626023
    43     30   -0.13116166556054099
    44     30   0.3191677074501523
    45     30   0.5746157275738379
    46     30   0.33586735000718065
    47     30   0.4531351596951417
    48     30   -0.13849091272621772
    49     30   -0.13940048538528732
    50     30   0.1778329236109991
    31     31   -0.44793450041513383
    32     31   0.4111165468803186
    33     31   -0.36841147403910657
    34     31   0.15928834965223915
    35     31   0.30903174099172886
    36     31   0.19469895271758197
    37     31   -0.0031785025967366737
    38     31   0.2529650036850427
    39     31   -0.1932146947572964
    40     31   0.08340191456725243
    41     31   0.27686752891970046
    42     31   -0.0654272725759343
    43     31   0.404275503537693
    44     31   0.2935206620900223
    45     31   0.312736089107825
    46     31   -0.5400785081033689
    47     31   -0.19582243204087993
    48     31   0.4184507869401769
    49     31   -0.417208274183849
    50     31   -0.25095559902524595
    32     32   0.6851796364704579
    33     32   0.01857583281787778
    34     32   0.13632662934546202
    35     32   0.3962723252534257
    36     32   -0.4379580299649807
    37     32   0.17488050105853392
    38     32   -0.38172014949526023
    39     32   0.2227674920050235
    40     32   0.05221957609751046
    41     32   -0.1773541194904002
    42     32   -0.39345574989265447
    43     32   -0.5748439687128795
    44     32   -0.1427214835980521
    45     32   -0.13427658770386208
    46     32   0.5089210956223
    47     32   0.08876708302525721
    48     32   0.1688257057345891
    49     32   -0.15090482738318867
    50     32   -0.40377931398045686
    33     33   -2.0915955282011427
    34     33   0.1297159420788338
    35     33   0.10890621530668881
    36     33   0.02692361227196254
    37     33   0.4353677239614063
    38     33   0.3212253157717635
    39     33   0.20630126533915588
    40     33   0.09457719336529456
    41     33   0.14326613938056446
    42     33   0.3103356477177949
    43     33   -0.5321463498646819
    44     33   0.30333336317984866
    45     33   0.3318184216801694
    46     33   0.387218345760019
    47     33   0.36235557589103695
    48     33   -0.5637746465044697
    49     33   -0.012349827092020232
    50     33   -0.09120806055286901
    34     34   0.14501345356603373
    35     34   0.27797144727635337
    36     34   -0.09774604612426183
    37     34   0.21536777077194638
    38     34   -0.2194653593227824
    39     34   0.24801336175000555
    40     34   0.04585765348421873
    41     34   -0.018331761868146473
    42     34   0.3592273813278901
    43     34   0.06771296359003501
    44     34   -0.3451481380184863
    45     34   -0.35086883057877327
    46     34   -0.08574492742174727
    47     34   -0.2134410661566244
    48     34   0.195800925964713
    49     34   0.38973564573893393
    50     34   0.05643971935868819
    35     35   -0.8496766199095837
    36     35   -0.16473976422766343
    37     35   0.02304593608269276
    38     35   -0.1777260386386193
    39     35   0.2868898036590989
    40     35   -0.08415647348523865
    41     35   -0.09602602592013877
    42     35   -0.01930564216823913
    43     35   0.1362567185878405
    44     35   -0.18968135605097391
    45     35   0.03993551196508562
    46     35   0.2558710188149107
    47     35   -0.17005899158292376
    48     35   0.38083135846572924
    49     35   -0.01133642313777633
    50     35   -0.1842625989693972
    36     36   -0.7884258512071363
    37     36   0.5095511977550604
    38     36   -0.2995775010495907
    39     36   0.4425271686151904
    40     36   0.005585389386793274
    41     36   -0.0007317198969262195
    42     36   -0.05750592238825571
    43     36   0.2897243871222621
    44     36   -0.0034720079679230326
    45     36   0.207351292862284
    46     36   0.16246333183053244
    47     36   0.03645473653109027
    48     36   0.3468826256629175
    49     36   0.1860554317460668
    50     36   -0.030246760776224485
    37     37   -0.5100579621841076
    38     37   0.003383075241578451
    39     37   -0.4024804474163355
    40     37   0.37702014664366573
    41     37   0.6388260252037983
    42     37   -0.1785794664787936
    43     37   0.20965825487353515
    44     37   -0.1269704992556363
    45     37   0.07523810805697788
    46     37   -0.18085724624456456
    47     37   0.2979811712419721
    48     37   -0.0566785834475636
    49     37   0.09107320375466346
    50     37   0.4071161188883734
    38     38   0.7686423995757531
    39     38   0.13460715575992882
    40     38   -0.043257583171274934
    41     38   0.18242890388027216
    42     38   0.3567577137142354
    43     38   -0.5984476773292
    44     38   0.45154482918303596
    45     38   -0.022505821108474343
    46     38   -0.4877801534615759
    47     38   -0.2544414716415896
    48     38   -0.12443804522539365
    49     38   -0.13035429187608683
    50     38   -0.2879656382818678
    39     39   0.04748706856536794
    40     39   0.008293954108617413
    41     39   0.055200608282978014
    42     39   -0.10394928922324703
    43     39   -0.4034930510524486
    44     39   0.4804391849052609
    45     39   0.019050622071386858
    46     39   0.5145545470877566
    47     39   0.178808239014293
    48     39   -0.19114416685776084
    49     39   0.12419489397805025
    50     39   -0.08667234552712087
    40     40   -0.7782640278272441
    41     40   -0.17437750408974187
    42     40   0.5361210822946414
    43     40   0.07904706208223647
    44     40   0.03700483617999065
    45     40   -0.4759562719198678
    46     40   0.4823545775269219
    47     40   0.1479525717047671
    48     40   -0.43021220890109557
    49     40   -0.3217858819572395
    50     40   0.508456647779117
    41     41   -1.544457801246529
    42     41   -0.12187476518792081
    43     41   -0.1408053974845187
    44     41   -0.05232632090625256
    45     41   0.23326068046742054
    46     41   -0.2102092031953877
    47     41   -0.16374509239498358
    48     41   -0.5194898473894078
    49     41   -0.1648264717085416
    50     41   0.14597998976271237
    42     42   0.0865353392197406
    43     42   -0.38869252265615756
    44     42   -0.10925205684308169
    45     42   0.22961680745140498
    46     42   0.10790358572319991
    47     42   -0.03470034854747657
    48     42   -0.06212260677183626
    49     42   0.2613392719599245
    50     42   -0.006705000808982259
    43     43   0.5106890990752517
    44     43   0.0992169342345181
    45     43   0.49844480475692143
    46     43   0.05816228947895602
    47     43   0.23176600894109933
    48     43   -0.0979009897431705
    49     43   0.09104163114420963
    50     43   -0.08606220707777498
    44     44   -0.31942356938739935
    45     44   -0.7672864622427943
    46     44   -0.058459529089384926
    47     44   -0.43456574161061556
    48     44   -0.382589255495939
    49     44   -0.40428035171224097
    50     44   -0.42257911434058637
    45     45   1.1685815802160713
    46     45   -0.2914515915144119
    47     45   -0.2325449747601359
    48     45   0.2986354326259254
    49     45   -0.3625161845307986
    50     45   -0.4531879123737378
    46     46   -0.17646713862009372
    47     46   0.1773867894302576
    48     46   -0.03968108886626182
    49     46   0.13277509139626165
    50     46   -0.22107024261409358
    47     47   -0.47781840162540967
    48     47   0.12292158634310243
    49     47   0.34815903805770876
    50     47   -0.09240861475587019
    48     48   1.0405967746799765
    49     48   -0.1309796621337298
    50     48   -0.3559893886840142
    49     49   1.0466223054708923
    50     49   -0.2628228271961405
    50     50   0.8848629223878539
