%%MatrixMarket matrix coordinate real symmetric
%=================================================================================
%
% This ASCII file represents a sparse MxN matrix with L
% nonzeros in the following Matrix Market format:
%
% +----------------------------------------------+
% |%%MatrixMarket matrix coordinate real general | <--- header line
% |%                                             | <--+
% |% comments                                    |    |-- 0 or more comment lines
% |%                                             | <--+
% |    M  N  L                                   | <--- rows, columns, entries
% |    I1  J1  A(I1, J1)                         | <--+
% |    I2  J2  A(I2, J2)                         |    |
% |    I3  J3  A(I3, J3)                         |    |-- L lines
% |        . . .                                 |    |
% |    IL JL  A(IL, JL)                          | <--+
% +----------------------------------------------+
%
% Indices are 1-based, i.e. A(1,1) is the first element.
%
%=================================================================================
  50  50  1275
    1     1   -1.436783845312544
    2     1   -0.2899386584796968
    3     1   -0.19415663813650577
    4     1   0.5451602380602729
    5     1   0.1197945791213165
    6     1   -0.27294351520392995
    7     1   0.22249020135914732
    8     1   0.32455898425627294
    9     1   -0.00904704036442851
    10     1   0.044131574187938956
    11     1   -0.10028832469281251
    12     1   0.028703498830419616
    13     1   -0.5098686626180229
    14     1   -0.3841065680655088
    15     1   0.10756198216029787
    16     1   -0.13238545651264866
    17     1   0.29565674685027443
    18     1   0.6324784150839416
    19     1   -0.24107631752735792
    20     1   0.015755352782289928
    21     1   0.23007305270541126
    22     1   0.14664801432308516
    23     1   -0.3241576011500944
    24     1   -0.02152352819332246
    25     1   0.23281361704297826
    26     1   0.27002295677135923
    27     1   -0.17695759914932896
    28     1   -0.22622450224332538
    29     1   0.2715855305163793
    30     1   0.04741500753752739
    31     1   0.1613851006641513
    32     1   -0.4881658104533641
    33     1   0.6333214165868113
    34     1   0.20658688354044566
    35     1   -0.1192212672476578
    36     1   0.6240206096586567
    37     1   0.5416977128168621
    38     1   -0.11834285779657319
    39     1   -0.32288160139297284
    40     1   -0.12390260163902685
    41     1   0.17217212339494303
    42     1   -0.1614958966979531
    43     1   0.08436424342180851
    44     1   0.4535524611125514
    45     1   0.16028722989101363
    46     1   -0.1015334315193832
    47     1   0.08318166614739474
    48     1   0.25262190198452855
    49     1   0.34897727756315655
    50     1   -0.06523280866223287
    2     2   -0.3611675107175243
    3     2   0.03706982639735834
    4     2   -0.4382149170203371
    5     2   -0.32773470072910627
    6     2   0.6955030844826287
    7     2   0.03687504212987519
    8     2   0.3034190020887628
    9     2   -0.03520235965460529
    10     2   0.4393954123014217
    11     2   -0.04637949037916084
    12     2   -0.05789597965573934
    13     2   -0.01245473910867679
    14     2   -0.5478635879918614
    15     2   0.3087518852450303
    16     2   -0.3659400689802245
    17     2   0.2174849669643424
    18     2   0.37590799558222665
    19     2   -0.23273514868731326
    20     2   -0.6399905659657715
    21     2   -0.021415306959375657
    22     2   -0.11121471665078804
    23     2   -0.131672055999663
    24     2   -0.25431542345234054
    25     2   -0.26276460488352743
    26     2   0.1509450602932847
    27     2   -0.25569530583774536
    28     2   0.26507870774381515
    29     2   0.2781993669929566
    30     2   -0.3556430483202578
    31     2   0.025640872894482164
    32     2   0.17141166439867891
    33     2   -0.22859430855003549
    34     2   0.10206363295469055
    35     2   0.33894923464117427
    36     2   0.08392252784894019
    37     2   0.14616192862112293
    38     2   0.12558957888564812
    39     2   0.50858289656515
    40     2   0.16899910107298635
    41     2   0.09967774145310221
    42     2   0.34361221082652016
    43     2   0.5536988893436884
    44     2   -0.08487901279244593
    45     2   0.09453408012446654
    46     2   0.1467738981585047
    47     2   -0.25841423657849305
    48     2   0.23105597303468586
    49     2   0.04036476706154984
    50     2   -0.6083760899948798
    3     3   0.11876390486225272
    4     3   0.13128328032030723
    5     3   -0.24296866577923945
    6     3   0.08447251344955697
    7     3   0.22859331240784359
    8     3   0.11850239773705866
    9     3   -0.381941379300633
    10     3   -0.2556052284925122
    11     3   0.04613273034569793
    12     3   0.41449909943715163
    13     3   0.061190894541259075
    14     3   -0.34099699716149967
    15     3   0.43926469244636984
    16     3   0.0676649397419816
    17     3   -0.30188648445127086
    18     3   0.03702437746542035
    19     3   0.17072358686186703
    20     3   -0.11302834024496478
    21     3   0.6469878423138499
    22     3   -0.0774110480555
    23     3   0.19176970650837033
    24     3   0.6002533879737084
    25     3   -0.18239705317444918
    26     3   0.03541071955336382
    27     3   0.06892684121386833
    28     3   -0.041946151663671036
    29     3   0.08163123590717743
    30     3   0.09844619470204391
    31     3   -0.1178872657115356
    32     3   -0.04463095476107831
    33     3   -0.3194440225946243
    34     3   0.289329314784433
    35     3   -0.2332668041396766
    36     3   -0.05155599256465851
    37     3   -0.10015537160631002
    38     3   0.10974203191352916
    39     3   -0.07255891891011917
    40     3   0.41348549319258726
    41     3   0.12391154264320202
    42     3   -0.16362458067417524
    43     3   -0.32931137895062795
    44     3   0.1591815484606288
    45     3   -0.10147574965418457
    46     3   -0.10646420606264675
    47     3   -0.5746046052047108
    48     3   -0.005146037495005293
    49     3   -0.17244575787003488
    50     3   -0.36811568738350614
    4     4   0.463643873306534
    5     4   -0.09719458987950842
    6     4   -0.1380845535215724
    7     4   -0.13490640312467053
    8     4   -0.18091189372866623
    9     4   0.20422627221346398
    10     4   -0.25066202870328236
    11     4   0.23890617269576878
    12     4   -0.1471866597981007
    13     4   -0.06366057240459111
    14     4   0.34358346623749614
    15     4   -0.5136626972486062
    16     4   -0.21161532573944683
    17     4   0.6637865520547828
    18     4   -0.5399664708037789
    19     4   0.058592486795236765
    20     4   -0.0945781718212976
    21     4   -0.11877495693929875
    22     4   0.24114936066978862
    23     4   0.13624506701274194
    24     4   -0.27293184827095635
    25     4   -0.0818740220647457
    26     4   0.08889330014769606
    27     4   -0.1629417725279318
    28     4   -0.014806511400471341
    29     4   -0.07003046398275903
    30     4   0.12112067800589149
    31     4   -0.0915858214841333
    32     4   0.11635772221898907
    33     4   0.4129090688578815
    34     4   0.21460487849041288
    35     4   0.5347288811748567
    36     4   0.42407200741517825
    37     4   -0.022217690241466193
    38     4   -0.16775523186277236
    39     4   -0.2612454760945317
    40     4   0.248159769470607
    41     4   -0.022514848292588624
    42     4   0.1598217206823831
    43     4   -0.2289861805701631
    44     4   -0.14959897034086256
    45     4   -0.6003308987661728
    46     4   0.5892525747147165
    47     4   -0.42993021025928596
    48     4   -0.5500932648451895
    49     4   -0.35582643522584556
    50     4   0.011947643111493433
    5     5   2.955380565761057
    6     5   -0.09083038608500663
    7     5   -0.05953148667991992
    8     5   -0.003415873767526799
    9     5   -0.124931201983169
    10     5   0.16001671639212706
    11     5   0.030197639513943247
    12     5   -0.4192189373269299
    13     5   0.43443854426079703
    14     5   -0.8590973716511072
    15     5   -0.13038245579718383
    16     5   0.12767958403734903
    17     5   -0.410536134679834
    18     5   0.046533692532870645
    19     5   -0.3315725692425525
    20     5   -0.1613725004549271
    21     5   0.47702903694069454
    22     5   0.07875730631974337
    23     5   -0.004577578423476225
    24     5   -0.11932199273034316
    25     5   -0.010714510956737935
    26     5   -0.1425310351149956
    27     5   0.6055842444513774
    28     5   -0.12264838274215131
    29     5   -0.05039443533335111
    30     5   -0.07569028076147713
    31     5   -0.5965370667802639
    32     5   -0.2281398470974434
    33     5   -0.12327838667148791
    34     5   -0.3009169441994537
    35     5   -0.4759445505218787
    36     5   -0.10654032851248826
    37     5   0.01416337235303497
    38     5   -0.12501571694363112
    39     5   -0.0001584872005643244
    40     5   -0.06551220722081963
    41     5   -0.20018635759137798
    42     5   -0.6146485674371553
    43     5   -0.4435021794544557
    44     5   0.20810448925835295
    45     5   -0.26249528481025763
    46     5   -0.0348186106250854
    47     5   -0.3162921300009519
    48     5   -0.46005945851622604
    49     5   0.02154785133908485
    50     5   -0.0958969743407212
    6     6   0.14075726965517274
    7     6   0.4264681128333351
    8     6   0.08387763974424875
    9     6   -0.7055061601038782
    10     6   -0.3809496502258449
    11     6   -0.1667955747259634
    12     6   -0.17847489936641442
    13     6   -0.038232389396963454
    14     6   -0.2880906159921461
    15     6   -0.040576591594436114
    16     6   -0.12572473911734502
    17     6   0.1971304362391185
    18     6   -0.08815655743100076
    19     6   -0.29771521307837023
    20     6   0.35984238129736545
    21     6   0.15493077302415104
    22     6   0.01710443453734664
    23     6   -0.44073860627970285
    24     6   0.1399906912897898
    25     6   0.014980136257935733
    26     6   -0.16713880869124673
    27     6   -0.1534175841671213
    28     6   0.592360400375493
    29     6   -0.1668329748801417
    30     6   0.404915112262225
    31     6   0.0027324309686457063
    32     6   0.3689510679327067
    33     6   0.09501361965990814
    34     6   0.16114203028691557
    35     6   -0.23929353535321496
    36     6   -0.2650179468079388
    37     6   0.042633248649480614
    38     6   0.20628881193140813
    39     6   0.18894014805224538
    40     6   -0.23077281124065233
    41     6   -0.5793399976785726
    42     6   0.3539738881034396
    43     6   0.49414684051397206
    44     6   0.1360252533337653
    45     6   -0.12478322331421107
    46     6   0.19029816491337698
    47     6   -0.22649548747936069
    48     6   0.29617476450913005
    49     6   -0.46088021458136885
    50     6   -0.122618487642131
    7     7   -0.7005197613761094
    8     7   0.3143364636344764
    9     7   -0.24071083681865674
    10     7   -0.24221711283799918
    11     7   0.11668586491209497
    12     7   0.08737023845451353
    13     7   -0.028115086384929683
    14     7   0.17015921136896725
    15     7   -0.14514017360220294
    16     7   0.40531180522723964
    17     7   -0.17714936910175305
    18     7   0.5360596629844967
    19     7   0.06044794407837689
    20     7   -0.1121267905608615
    21     7   -0.7953241525835635
    22     7   0.012954773801108863
    23     7   -0.017686247327953653
    24     7   -0.1367269466589219
    25     7   0.37243048063428474
    26     7   0.38061281881013614
    27     7   0.1540826971839221
    28     7   -0.06625934563971854
    29     7   -0.012815427387907726
    30     7   -0.6092524445385434
    31     7   0.2643657920905856
    32     7   0.1659798576647936
    33     7   -0.26447863755448064
    34     7   -0.23579712467503186
    35     7   0.03418706658301578
    36     7   0.5737458835810272
    37     7   0.1455889749470505
    38     7   -0.24139593095839426
    39     7   -0.24144072086950136
    40     7   0.3401304145425895
    41     7   -0.09512663842316932
    42     7   0.47374879557811017
    43     7   -0.19067965431210424
    44     7   -0.5229130612069184
    45     7   -0.31933780403152107
    46     7   0.3819198165952916
    47     7   -0.1857474454354372
    48     7   0.5702096156673694
    49     7   0.13551581479976205
    50     7   -0.13435229840303456
    8     8   -0.8909633217468315
    9     8   0.04406178023485657
    10     8   0.0680580664581829
    11     8   -0.15601282778523737
    12     8   0.016011003882308583
    13     8   0.10623164168248228
    14     8   -0.1489333732860194
    15     8   -0.08610141644546424
    16     8   -0.0012867868532796187
    17     8   -0.06631591152579681
    18     8   0.26701162677770496
    19     8   -0.21363799659215366
    20     8   -0.23820776328649257
    21     8   -0.26544499841713015
    22     8   -0.027126268478119473
    23     8   -0.25007641184523455
    24     8   0.6609724802290831
    25     8   -0.23112783792336283
    26     8   -0.055230569655517744
    27     8   -0.2670641849705077
    28     8   -0.4243522272453423
    29     8   0.3430720506070748
    30     8   0.40880867877301647
    31     8   -0.018237081679745137
    32     8   -0.4067151577844096
    33     8   0.36851405054004477
    34     8   -0.031903569721777866
    35     8   0.5194087202088828
    36     8   0.04632552558032341
    37     8   0.30844344557103376
    38     8   -0.03763410879127619
    39     8   0.19526132604293456
    40     8   0.5147163788796266
    41     8   -0.3875111243015849
    42     8   0.1613091359663976
    43     8   0.2766662681162618
    44     8   0.09568278113852495
    45     8   0.11692572473613212
    46     8   -0.14886425101063927
    47     8   -0.2100546417214907
    48     8   -0.25067841226966725
    49     8   0.10701390878692385
    50     8   0.11958225090748979
    9     9   0.9894778547578894
    10     9   0.24583485382458278
    11     9   0.13029479528352203
    12     9   0.31432796014059944
    13     9   -0.1943589187365957
    14     9   0.010656449237656684
    15     9   -0.1745387393675296
    16     9   -0.1192301683437393
    17     9   0.3342230224059816
    18     9   0.18485696243804545
    19     9   -0.002041011960437905
    20     9   0.0470434518595223
    21     9   -0.5416945484891587
    22     9   0.1571026901661403
    23     9   0.6524384884137746
    24     9   -0.1474341533248319
    25     9   0.13045825800498237
    26     9   0.36979853360655707
    27     9   0.18104876290466332
    28     9   -0.5541161933389795
    29     9   -0.4778895133131073
    30     9   0.10118361181140463
    31     9   -0.46178457369496073
    32     9   -0.11055481454112809
    33     9   0.08446847188682433
    34     9   -0.3718466221766569
    35     9   0.1225691238207568
    36     9   -0.34249669283025025
    37     9   0.6930454590556385
    38     9   0.0928814670299665
    39     9   -0.5391214658035494
    40     9   -0.03234533202186343
    41     9   -0.26081818016230374
    42     9   0.3445558750442058
    43     9   -0.16546275306064648
    44     9   -0.10138355661765708
    45     9   0.14632605524667552
    46     9   -0.27124766316181154
    47     9   0.017018893817281208
    48     9   0.3301261181196039
    49     9   -0.15642403323046994
    50     9   -0.3953751536814363
    10     10   0.6910815508779415
    11     10   0.24821333586235741
    12     10   -0.7417573497312725
    13     10   0.372388410273652
    14     10   -0.1807376714406138
    15     10   0.18584208804160987
    16     10   -0.04613421813227034
    17     10   0.07401416407570349
    18     10   -0.38237858962923266
    19     10   0.08061576207092944
    20     10   -0.1969984467758553
    21     10   0.21348280726292113
    22     10   -0.02581252613157317
    23     10   -0.06470218636204839
    24     10   0.15944389161853315
    25     10   -0.2143212609951016
    26     10   -0.10783554908989296
    27     10   0.006126351968096827
    28     10   0.01409311565310263
    29     10   0.1290029843264116
    30     10   -0.2634562325598236
    31     10   0.18344440072096801
    32     10   -0.13972494804439478
    33     10   -0.19638722700523567
    34     10   -0.04542434872230208
    35     10   -0.03653122004137237
    36     10   0.4069621516611377
    37     10   -0.5177185887246084
    38     10   -0.46506206912506154
    39     10   0.40990879264768215
    40     10   -0.15860304895220928
    41     10   -0.39505915143676296
    42     10   0.2961676496646838
    43     10   -0.19210281085944794
    44     10   0.10068232186916715
    45     10   -0.05625222164378596
    46     10   -0.20630544633931375
    47     10   -0.3509444353836332
    48     10   0.20964144594452538
    49     10   0.06716849272363493
    50     10   0.6168856760801977
    11     11   -1.0201408741084366
    12     11   0.6430800489933306
    13     11   0.03042254882601203
    14     11   0.06258410085582256
    15     11   0.02327632545858558
    16     11   0.0655297096305879
    17     11   -0.3777138035229825
    18     11   0.08341554719248781
    19     11   0.266415029562008
    20     11   -0.19499093334488016
    21     11   -0.16091584435430856
    22     11   0.255639094389309
    23     11   0.4188424949094705
    24     11   -0.2840363056582864
    25     11   0.30679484497160725
    26     11   -0.1600332031399374
    27     11   -0.3403561373029554
    28     11   -0.6346482167866467
    29     11   -0.20529040030990736
    30     11   0.23215724058202009
    31     11   0.061148375141634306
    32     11   -0.33457832818154853
    33     11   0.04114597915213289
    34     11   0.36751898381542036
    35     11   0.2805875592662256
    36     11   0.07450082595877448
    37     11   0.1283342958139503
    38     11   -0.36242079995232923
    39     11   -0.17556522638940222
    40     11   -0.14383652558614438
    41     11   0.3371954365666171
    42     11   0.3353089167138402
    43     11   0.09901543221267324
    44     11   -0.05629456873191387
    45     11   -0.16131504954603454
    46     11   -0.06858114546767793
    47     11   -0.19471148479378916
    48     11   0.4473879784200497
    49     11   0.3814310350785963
    50     11   0.6128835967442514
    12     12   0.9529624221617286
    13     12   -0.18882118356456587
    14     12   -0.1853349606303354
    15     12   -0.14188001952224483
    16     12   0.017518399470455248
    17     12   0.31505384134830683
    18     12   -0.3091157974177223
    19     12   -0.1439517320523741
    20     12   0.4570929684255379
    21     12   0.2503000354130769
    22     12   -0.21847613437963795
    23     12   -0.2245629216082424
    24     12   -0.05588029406046918
    25     12   -0.13763272778542793
    26     12   0.40000994010065194
    27     12   -0.013638596991733642
    28     12   -0.08211665367997674
    29     12   -0.21318299313828976
    30     12   0.46534136093874234
    31     12   -0.25948598664328704
    32     12   -0.25045494389275447
    33     12   -0.5299828471539534
    34     12   -0.001282377008673119
    35     12   -0.00960229337889823
    36     12   0.18801448595130002
    37     12   0.057089356685435785
    38     12   -0.23492312045226643
    39     12   -0.5285381660243239
    40     12   -0.4221049490756953
    41     12   -0.5256399122072442
    42     12   0.2676854819124685
    43     12   0.2039564217617597
    44     12   0.2157116829054514
    45     12   -0.271038039400717
    46     12   0.30678410059052846
    47     12   -0.37180995788780247
    48     12   0.04778290070774305
    49     12   0.10958387547230629
    50     12   0.152148888089548
    13     13   -0.6252501814325173
    14     13   0.2293533372810968
    15     13   -0.268804802420331
    16     13   -0.03386299614308258
    17     13   0.025706995211530748
    18     13   -0.046877846228305875
    19     13   0.19973510666696304
    20     13   -0.44147707094171895
    21     13   0.06426025926751215
    22     13   0.6480752050401817
    23     13   -0.25562856401012624
    24     13   0.11486129448719812
    25     13   -0.18797276472721747
    26     13   -0.3235809357838192
    27     13   -0.09481091790161053
    28     13   -0.1160476530916041
    29     13   0.27874750441021645
    30     13   0.024734230396231405
    31     13   0.1793601762465098
    32     13   0.05122949151183752
    33     13   -0.1112025299634245
    34     13   -0.34532379900011173
    35     13   0.06844853865789269
    36     13   -0.21805306790649953
    37     13   -0.36826473850753655
    38     13   0.03439917068966894
    39     13   0.3399651660170604
    40     13   0.5393754805446773
    41     13   -0.060352632784331145
    42     13   -0.4323895486858986
    43     13   0.24392199442653334
    44     13   -0.0032608238602974404
    45     13   0.22596373933731775
    46     13   0.5296304620666041
    47     13   0.4849828162783516
    48     13   0.13680389686447902
    49     13   -0.04552102971885573
    50     13   0.2152167317680861
    14     14   1.2367671193761465
    15     14   -0.03251334704319926
    16     14   -0.24111431746438766
    17     14   -0.32815903799930773
    18     14   -0.7197866270040213
    19     14   0.2706644085690325
    20     14   -0.05764083014468714
    21     14   -0.06775882503874413
    22     14   0.06980512854255333
    23     14   -0.3160120994371922
    24     14   -0.8962755820113293
    25     14   0.2952856599603378
    26     14   -0.4492436827036873
    27     14   0.245824423174637
    28     14   -0.2361368757356101
    29     14   0.3633210955978951
    30     14   -0.40504978560771054
    31     14   0.14017527122743562
    32     14   0.4865336840287826
    33     14   0.40783102304592544
    34     14   -0.22887726092648636
    35     14   -0.04991369508838141
    36     14   0.3687750223538009
    37     14   -0.07385505674281753
    38     14   -0.07193166829202824
    39     14   0.31349063527675425
    40     14   0.4304670342326989
    41     14   -0.12511661038338484
    42     14   -0.29977372134098657
    43     14   -0.11326254554159429
    44     14   0.24023445863689943
    45     14   0.6954113435956549
    46     14   -0.45329983720287115
    47     14   0.06748601431729674
    48     14   0.15629853952831904
    49     14   0.0937045107705968
    50     14   0.16570349533556605
    15     15   0.3182618682319197
    16     15   -0.1455875139661299
    17     15   0.029294098938585256
    18     15   0.16019908918680803
    19     15   -0.23916471196177097
    20     15   0.33877165857531866
    21     15   -0.10158468720764777
    22     15   0.055240485053765664
    23     15   0.3383031578205014
    24     15   -0.48560916078226285
    25     15   -0.01688597283753198
    26     15   -0.03447552111964813
    27     15   0.5973953704048547
    28     15   -0.17087317791256182
    29     15   0.13091315943652881
    30     15   0.010755816539657376
    31     15   -0.2034917363216312
    32     15   0.17964603251450828
    33     15   0.07177937067424578
    34     15   0.48180429406343567
    35     15   0.09603624696721574
    36     15   -0.09970955500461975
    37     15   -0.035213724835360866
    38     15   -0.08742095479400462
    39     15   -0.1648222058411201
    40     15   -0.010083310460607599
    41     15   -0.1345067152108132
    42     15   -0.5548101649150667
    43     15   -0.1710198148637218
    44     15   0.08386448467258423
    45     15   0.1435922280129961
    46     15   -0.6120633084374247
    47     15   0.2038611825438708
    48     15   0.07664809056886368
    49     15   -0.31859640639399456
    50     15   0.42019341011764344
    16     16   0.4396964359073863
    17     16   0.3067120312178353
    18     16   0.38420910796923385
    19     16   -0.22013374366025878
    20     16   0.1813346783038802
    21     16   -0.1423152669229477
    22     16   -0.33192308902363743
    23     16   0.014807183155663706
    24     16   -0.6030880485382407
    25     16   0.019877615823739342
    26     16   -0.3800728009660178
    27     16   0.03884951563130813
    28     16   0.13798565730324333
    29     16   0.14989048953993694
    30     16   -0.1259133784114861
    31     16   0.01919343071164819
    32     16   -0.41154549867825946
    33     16   -0.15723542403183927
    34     16   0.4033898877927194
    35     16   0.042524484593727895
    36     16   0.4838208170532872
    37     16   0.013223752204525624
    38     16   -0.15799540884329935
    39     16   0.29833251960921764
    40     16   -0.3259422479706649
    41     16   0.1814266456962277
    42     16   0.029754619494280807
    43     16   -0.47379013379219903
    44     16   0.20453710200333383
    45     16   0.231942373032669
    46     16   -0.28001160449432816
    47     16   -0.07069151816194094
    48     16   0.07064274260221942
    49     16   0.48730348576771165
    50     16   -0.15931569468112128
    17     17   -0.38897198101935193
    18     17   0.08591391989193976
    19     17   -0.12400020871714429
    20     17   0.20745818671803068
    21     17   -0.21773220803984056
    22     17   -0.20592346949915186
    23     17   0.7303866409335114
    24     17   0.18665285266655385
    25     17   -0.22511202981485828
    26     17   0.6328534695794287
    27     17   0.14674541601494814
    28     17   -0.22779137325261095
    29     17   0.7086319558909662
    30     17   -0.3034169214649222
    31     17   0.0655930679010648
    32     17   -0.22675018775366043
    33     17   0.07188005544747006
    34     17   -0.43231775298290653
    35     17   0.23420617622986756
    36     17   0.03668409421670096
    37     17   -0.07378536087756164
    38     17   -0.1529367395484245
    39     17   -0.010362790537694733
    40     17   -0.11900114700195191
    41     17   -0.06928726052533485
    42     17   -0.28198736872375235
    43     17   -0.033941660432157836
    44     17   0.02362549242590936
    45     17   0.07418662217342295
    46     17   0.18675120902308084
    47     17   0.062034704293348356
    48     17   -0.2920480831200968
    49     17   -0.05589762078808236
    50     17   -0.4206698323129039
    18     18   -0.8332883015869096
    19     18   -0.32171389635082015
    20     18   0.48343662000850013
    21     18   -0.19413889006023244
    22     18   -0.07914038386540184
    23     18   -0.004191174851133517
    24     18   0.5407991849068081
    25     18   0.4856169635951958
    26     18   0.029582551381191834
    27     18   -0.06593149279875195
    28     18   -0.37431960661716174
    29     18   -0.16296797258710433
    30     18   -0.19586261142562017
    31     18   0.183171004445064
    32     18   -0.2580387558205145
    33     18   0.38504006683071174
    34     18   0.18394618784479466
    35     18   -0.21221693974948524
    36     18   0.27822300782576126
    37     18   -0.15373537418333086
    38     18   -0.3729989923600098
    39     18   0.11205431908835793
    40     18   0.13478308067124872
    41     18   0.5248060675107472
    42     18   -0.36818635053495385
    43     18   0.16650471283751397
    44     18   0.06613559004141145
    45     18   0.16873323982292557
    46     18   -0.05812661137767948
    47     18   -0.13819668842959212
    48     18   0.018119199822989943
    49     18   0.5089606657467239
    50     18   -0.3508986267854489
    19     19   0.6077434926542566
    20     19   0.08734729146949174
    21     19   0.06837162491083451
    22     19   -0.13611061624474807
    23     19   -0.10690818240787922
    24     19   -0.09428818875176387
    25     19   -0.08125019341583226
    26     19   0.24033744193763254
    27     19   0.362702982174695
    28     19   -0.04901856229697199
    29     19   0.38412645004926077
    30     19   -0.203209161817542
    31     19   -0.3494449590439962
    32     19   -0.6733073767355099
    33     19   -0.34502139362481105
    34     19   0.03254044216683956
    35     19   0.543806191696026
    36     19   -0.4134988493372579
    37     19   0.362683516421333
    38     19   -0.12013422159732563
    39     19   0.38186651419947915
    40     19   0.3907239171393284
    41     19   -0.0778430924077829
    42     19   0.020772444538740484
    43     19   0.04688768967226348
    44     19   0.40229456610142417
    45     19   0.14083944121151643
    46     19   -0.2733133194262113
    47     19   0.020895177216918928
    48     19   -0.04566466659141712
    49     19   -0.4656948721809051
    50     19   -0.006426795108202571
    20     20   -0.29077707429225264
    21     20   -0.1547538846760081
    22     20   -0.26257371774789856
    23     20   0.039766326181069254
    24     20   0.09234981913001077
    25     20   -0.16074037333027286
    26     20   -0.005223143961396143
    27     20   0.03657760743980601
    28     20   -0.07319983715615605
    29     20   -0.340024781058746
    30     20   -0.1814395886962899
    31     20   0.5215949443788116
    32     20   0.345235314855416
    33     20   0.2785083379033886
    34     20   -0.1525306800872917
    35     20   0.7664951992752905
    36     20   0.017550075863650927
    37     20   -0.12959350921358306
    38     20   0.06266321736915875
    39     20   -0.09883902995485144
    40     20   0.5985208441041601
    41     20   -0.5121074649241214
    42     20   0.2638492242902193
    43     20   0.25626830319121763
    44     20   0.14415067124195052
    45     20   -0.36955671349822905
    46     20   -0.16028692086514928
    47     20   -0.05962105026118575
    48     20   -0.01119547227097309
    49     20   -0.2322665890131389
    50     20   0.13430584417716604
    21     21   1.4230040491387457
    22     21   -0.20479814738593732
    23     21   -0.4091984813308537
    24     21   -0.21386382135068271
    25     21   -0.04074252351174071
    26     21   -0.15768739212718713
    27     21   0.11681092733808385
    28     21   0.12676470095443834
    29     21   0.024658073885457342
    30     21   0.08263987339222113
    31     21   -0.21783383734420925
    32     21   -0.3401007270308272
    33     21   -0.4527057937636983
    34     21   -0.6687038519838788
    35     21   -0.20004867074185456
    36     21   0.42835320147846434
    37     21   -0.4381376469949045
    38     21   -0.4140435299965607
    39     21   0.437948862622052
    40     21   0.20120663724560484
    41     21   0.38284847400943767
    42     21   -0.5936560336149622
    43     21   0.4175227704890505
    44     21   -0.2595646804334476
    45     21   0.8241265814958074
    46     21   -0.24615920335192143
    47     21   -0.1718146528007627
    48     21   -0.29870921774383363
    49     21   0.24665819458042992
    50     21   -0.13136004641147203
    22     22   0.6827272864371972
    23     22   0.47853771804611184
    24     22   0.3347727670699845
    25     22   -0.2430899082428776
    26     22   -0.5363798645920492
    27     22   0.07909491177690611
    28     22   -0.2572789362107819
    29     22   0.1868335698304682
    30     22   -0.9706806399121288
    31     22   0.04142556398166193
    32     22   -0.07319245643835331
    33     22   -0.011624810259011742
    34     22   0.06533524886026983
    35     22   0.23966182177741913
    36     22   -0.36901826491934736
    37     22   0.4858294011053461
    38     22   -0.43178898930423526
    39     22   0.08036297164036543
    40     22   0.16223083664788762
    41     22   -0.1455420174656936
    42     22   0.10939190585054451
    43     22   0.3998705481584348
    44     22   -0.687150023079794
    45     22   0.2732582595840416
    46     22   0.1704030881484087
    47     22   -0.6528657847944805
    48     22   0.17712998789552425
    49     22   -0.13622574591333209
    50     22   -0.1367221074963127
    23     23   -1.665242609839174
    24     23   -0.0031528435249405518
    25     23   0.01706268855682306
    26     23   0.13403475299635204
    27     23   0.15723515559911228
    28     23   0.49387425287669606
    29     23   0.26030826514195404
    30     23   0.14176540395979487
    31     23   0.3920121771547481
    32     23   -0.12576137581935287
    33     23   0.08649134889192474
    34     23   0.1949850896171092
    35     23   0.23871680958580055
    36     23   0.00030466367716336373
    37     23   0.44716040453311223
    38     23   -0.12495030421813609
    39     23   0.16999568422644193
    40     23   -0.14493842758134978
    41     23   0.027321610914268046
    42     23   -0.17774659492703251
    43     23   0.24771311466473545
    44     23   -0.04328761771507736
    45     23   -0.0114290315448165
    46     23   0.10053513713087861
    47     23   0.4249270347809353
    48     23   0.16479865494071633
    49     23   -0.033709362729918556
    50     23   -0.15476614345720888
    24     24   -0.028323263116734818
    25     24   -0.11848599070529067
    26     24   -0.4372479353681158
    27     24   0.2473108938491997
    28     24   0.7060923219849209
    29     24   0.5175846513385427
    30     24   -0.560996761675691
    31     24   0.04018214042086196
    32     24   -0.015148730681229794
    33     24   0.36586228400264503
    34     24   -0.23509776274847638
    35     24   0.005324984276292903
    36     24   -0.11992028754528558
    37     24   0.25479352651828513
    38     24   0.057998285716805625
    39     24   0.05188562418071755
    40     24   -0.3393051722303806
    41     24   -0.1491446798066345
    42     24   0.3933449851526798
    43     24   0.4101109730748521
    44     24   -0.3434090047389777
    45     24   -0.27356987124355847
    46     24   0.3683728505890679
    47     24   -0.0015780354925618023
    48     24   0.19896526544774196
    49     24   0.1291470137617741
    50     24   -0.3380732739076933
    25     25   -0.8602822663991561
    26     25   0.19130518138537322
    27     25   0.15062716122935846
    28     25   0.0736882422618293
    29     25   0.6927637304147699
    30     25   -0.1813394065599055
    31     25   -0.06586237163350667
    32     25   -0.2685544163372702
    33     25   -0.03590305348844308
    34     25   -0.06809441535525804
    35     25   0.032008519761669185
    36     25   -0.19724682423695603
    37     25   0.06868167057610366
    38     25   0.5007605207210187
    39     25   -0.08347106071694364
    40     25   0.6234368934279145
    41     25   0.3252332279492718
    42     25   0.048523817108300726
    43     25   -0.3743564917224735
    44     25   0.22541021861532676
    45     25   0.30817778232760973
    46     25   0.2087319061075461
    47     25   -0.18127750303477563
    48     25   -0.175283046384674
    49     25   -0.010141035591520964
    50     25   0.2325367954950374
    26     26   -1.4212173758274496
    27     26   -0.06462343389951884
    28     26   0.7419825600010918
    29     26   0.4214080693436447
    30     26   0.187932445900017
    31     26   0.060860742791230854
    32     26   -0.0640839702596083
    33     26   0.01700863342350384
    34     26   -0.17516031814131203
    35     26   0.3944761313208483
    36     26   0.7199749844285365
    37     26   0.23787299282266683
    38     26   0.2994035311243715
    39     26   -0.2533863614949907
    40     26   -0.16570011381473349
    41     26   -0.4453818524752834
    42     26   0.3616334831468808
    43     26   -0.05194362364262943
    44     26   -0.42089198611951784
    45     26   0.2722122331474444
    46     26   0.31472357883755475
    47     26   -0.220631228903512
    48     26   0.2538937560900737
    49     26   0.20439685964211649
    50     26   0.24933135413650742
    27     27   -0.29497499062385013
    28     27   0.05919484632584339
    29     27   -0.37899933685600035
    30     27   -0.08497784043277164
    31     27   0.13651869136707645
    32     27   0.11087522562504624
    33     27   -0.025247277884317743
    34     27   -0.05711801147820894
    35     27   0.3361816666713472
    36     27   0.1654929635910798
    37     27   0.11070784802223455
    38     27   -0.35292764086726364
    39     27   0.1947781157755507
    40     27   0.2341624239607203
    41     27   -0.09928087598590585
    42     27   -0.2933035937525075
    43     27   -0.5624185039457215
    44     27   -0.19536073915510854
    45     27   -0.2813148951621646
    46     27   -0.07230108930809193
    47     27   -0.4524009101470059
    48     27   0.114639625908553
    49     27   0.11143555300746394
    50     27   0.27210749916022126
    28     28   -0.06612654820618033
    29     28   -0.16505091366950253
    30     28   -0.1713979171216045
    31     28   0.29404347975877587
    32     28   0.12515193159057209
    33     28   -0.5223379566838875
    34     28   0.7417633521011961
    35     28   -0.11298735485327567
    36     28   0.12178001687539619
    37     28   -0.054330873979092725
    38     28   -0.008930925747046986
    39     28   -0.03862131300322209
    40     28   0.2776276230191276
    41     28   0.1128864207268012
    42     28   0.3665676233306482
    43     28   0.058381533030998974
    44     28   -0.35571628173264724
    45     28   -0.24307903845345202
    46     28   0.5234500465760048
    47     28   -0.15580940289730225
    48     28   -0.3947672314992415
    49     28   0.10056639022662613
    50     28   0.09373329034975611
    29     29   -1.2987476190703213
    30     29   -0.4068344606993668
    31     29   -0.32896287585987294
    32     29   0.19807881113145717
    33     29   0.5369355743169588
    34     29   -0.06205960973376823
    35     29   0.006773054595098846
    36     29   0.15592478250914626
    37     29   -0.246453820932873
    38     29   -0.290512794954308
    39     29   -0.5975854615717242
    40     29   -0.5384775898486627
    41     29   0.0003909969274414511
    42     29   0.294792015398728
    43     29   0.2558663644645698
    44     29   0.07289192649996087
    45     29   0.025296558424929755
    46     29   -0.14667827269000375
    47     29   0.041770967519321994
    48     29   0.21346465500121167
    49     29   0.2897192114720424
    50     29   0.14395623545753167
    30     30   0.24299356944188755
    31     30   0.15097782495036227
    32     30   0.3328782234690675
    33     30   0.04485083660724684
    34     30   0.21437642220002073
    35     30   0.06903268598178995
    36     30   -0.352334685462395
    37     30   0.0865508786805523
    38     30   -0.21739158535749242
    39     30   0.27038233294306424
    40     30   0.6771017685007105
    41     30   0.1298504438094657
    42     30   -0.13153551434031183
    43     30   0.29080118550145323
    44     30   -0.15948512892640923
    45     30   0.14685616050916173
    46     30   -0.15598817113950386
    47     30   0.10752351955794748
    48     30   0.1268497510122876
    49     30   0.28851969279779976
    50     30   0.3621410450257553
    31     31   0.27415589792384154
    32     31   -0.1443041593474739
    33     31   -0.012516631121896132
    34     31   0.4580093055769573
    35     31   -0.18200192670738918
    36     31   0.08531091537891362
    37     31   0.11939055866401482
    38     31   -0.16849707656241608
    39     31   0.3361379214496901
    40     31   0.3579069295691808
    41     31   -0.19708440801292765
    42     31   -0.6252081377911298
    43     31   -0.2591430042259649
    44     31   0.20866644265866624
    45     31   -0.10387463586128429
    46     31   0.3827261080456344
    47     31   -0.5037818749797315
    48     31   0.030788202812788906
    49     31   -0.3705817921342328
    50     31   -0.17296644487765933
    32     32   0.9779594951820145
    33     32   -0.03153600829582745
    34     32   -0.2365887648990946
    35     32   -0.31128687214193024
    36     32   -0.6306835753509673
    37     32   -0.06651724253365977
    38     32   0.2636721236179045
    39     32   0.4511798197577444
    40     32   0.35131389376817634
    41     32   0.3561090228971039
    42     32   -0.3954906572239345
    43     32   0.14165947971317544
    44     32   -0.15755752047995739
    45     32   0.22843818226745904
    46     32   -0.12009462815952976
    47     32   -0.3176314498120866
    48     32   -0.045826601605103656
    49     32   0.43544115321354004
    50     32   0.08090408761928447
    33     33   -1.1069953354324615
    34     33   0.2849033236995964
    35     33   0.1724989375376702
    36     33   -0.004315611398482966
    37     33   -0.3005832589443521
    38     33   0.303889352063614
    39     33   0.45652172668161795
    40     33   -0.10199017108536611
    41     33   0.1576316748897279
    42     33   0.22456040577503641
    43     33   0.06861247450289969
    44     33   -0.5402987695731268
    45     33   0.3306694477281511
    46     33   -0.05770537548805757
    47     33   0.07088137402650707
    48     33   0.2484417787747258
    49     33   0.3901220516197923
    50     33   -0.023912519125680095
    34     34   -1.1633718290034867
    35     34   0.3803730576038751
    36     34   0.5035328072807103
    37     34   -0.4338535958987857
    38     34   -0.0035914026967233392
    39     34   0.13229956978134577
    40     34   0.05029618102567163
    41     34   0.2998450494743323
    42     34   -0.18271391181687452
    43     34   0.1639920997135395
    44     34   -0.16752597405079683
    45     34   0.6248610903221974
    46     34   -0.5278881660872587
    47     34   0.3298856637783468
    48     34   0.030840464041435124
    49     34   -0.02051296723283082
    50     34   0.39364762881422066
    35     35   -1.9042098730493717
    36     35   0.1982778722122009
    37     35   0.4604716799279208
    38     35   0.22422306525982102
    39     35   0.1696803587966611
    40     35   -0.26547837885114356
    41     35   0.09075258123793091
    42     35   -0.3032302381471123
    43     35   -0.031873173133015624
    44     35   0.21018423589123592
    45     35   -0.21681707023116684
    46     35   -0.24466920243876006
    47     35   0.17439198068098954
    48     35   -0.04305522372280566
    49     35   0.15626488755413304
    50     35   -0.045383591199874895
    36     36   -2.3171963050287636
    37     36   0.20405179314971902
    38     36   0.007770513558776155
    39     36   0.2583417662697212
    40     36   0.3705630787866401
    41     36   0.5135941094569576
    42     36   0.08026079548931313
    43     36   -0.11787778511657483
    44     36   0.025239115718258792
    45     36   -0.076947509100461
    46     36   -0.027485421296465005
    47     36   0.1875514174934771
    48     36   0.3255373094022816
    49     36   0.18978695434928478
    50     36   -0.12117108862640441
    37     37   -0.6201902508628293
    38     37   -0.07927566966091307
    39     37   -0.25112092848942635
    40     37   -0.3215762716825065
    41     37   0.269012103537197
    42     37   -0.21941572672245113
    43     37   0.1772244753547994
    44     37   -0.21292470443822248
    45     37   0.02922996242078532
    46     37   0.09226911505222024
    47     37   0.020953010081583512
    48     37   -0.16431553866296375
    49     37   0.21069031303410315
    50     37   -0.22452960102172742
    38     38   1.108638934069407
    39     38   -0.0865537780898003
    40     38   0.3829123507945506
    41     38   0.006688986135173075
    42     38   0.23278697523587932
    43     38   -0.08252722277103305
    44     38   -0.34236485620906293
    45     38   0.6758462008554165
    46     38   0.1463863479222538
    47     38   -0.07804532851479863
    48     38   -0.07684903737865992
    49     38   -0.19847018636438965
    50     38   -0.27849224895354185
    39     39   -0.993924195395612
    40     39   -0.4135618946855947
    41     39   -0.015550338790599381
    42     39   0.04814409887242352
    43     39   -0.18282487192557584
    44     39   0.30375378845854534
    45     39   -0.6993533456962326
    46     39   0.17623832447886242
    47     39   0.3671262229355726
    48     39   0.026108083779262353
    49     39   -0.13239987741454393
    50     39   0.47852412153998913
    40     40   -1.7284573240275007
    41     40   -0.18312060990691462
    42     40   -0.22082396449623995
    43     40   -0.07590948812577289
    44     40   0.14313531238147478
    45     40   0.24928274896240213
    46     40   0.2713719894125134
    47     40   -0.5031349312698373
    48     40   0.007775078711275585
    49     40   0.012151951388605975
    50     40   0.21119863135017286
    41     41   -0.0595366839769082
    42     41   -0.12680428524217097
    43     41   0.19683945325790148
    44     41   0.24384472647429312
    45     41   0.5733797136789818
    46     41   0.33169219354792506
    47     41   0.17833461039323628
    48     41   -0.20455480414655958
    49     41   -0.2411695101762024
    50     41   -0.26332822029020464
    42     42   0.33018484257326
    43     42   0.2254299873310487
    44     42   -0.18559357538278934
    45     42   -0.5908977399604919
    46     42   0.27443666287169144
    47     42   0.23087019075373916
    48     42   0.2863063229354775
    49     42   0.3990821225089477
    50     42   -0.363724867295198
    43     43   -0.5345400099453861
    44     43   -0.11799341519433944
    45     43   0.05938102563961886
    46     43   -0.13942724969562886
    47     43   -0.5027135964512232
    48     43   -0.18871255033564277
    49     43   0.6531300063309169
    50     43   -0.0931061787122008
    44     44   1.0666971145957853
    45     44   0.02653238363486582
    46     44   0.07367221482098982
    47     44   -0.2997464176476013
    48     44   -0.43432244569976675
    49     44   -0.0893362635792319
    50     44   -0.2696480998411734
    45     45   -0.6994726241079708
    46     45   -0.26641350929312707
    47     45   -0.07351046024240497
    48     45   -0.06857515214992557
    49     45   -0.05988180559900817
    50     45   -0.21509611076451302
    46     46   -0.3154172998447491
    47     46   -0.08387625148658653
    48     46   -0.215756551382569
    49     46   -0.2665521877202915
    50     46   0.21032644561386027
    47     47   2.161163584913153
    48     47   0.11148741702418327
    49     47   0.11053132908285594
    50     47   -0.03169064247712014
    48     48   -0.26110133959518494
    49     48   -0.5891305164963607
    50     48   -0.12359353004499404
    49     49   -0.9181571591580537
    50     49   0.01876315859018765
    50     50   0.2594026670073156
