%%MatrixMarket matrix coordinate real symmetric
%=================================================================================
%
% This ASCII file represents a sparse MxN matrix with L
% nonzeros in the following Matrix Market format:
%
% +----------------------------------------------+
% |%%MatrixMarket matrix coordinate real general | <--- header line
% |%                                             | <--+
% |% comments                                    |    |-- 0 or more comment lines
% |%                                             | <--+
% |    M  N  L                                   | <--- rows, columns, entries
% |    I1  J1  A(I1, J1)                         | <--+
% |    I2  J2  A(I2, J2)                         |    |
% |    I3  J3  A(I3, J3)                         |    |-- L lines
% |        . . .                                 |    |
% |    IL JL  A(IL, JL)                          | <--+
% +----------------------------------------------+
%
% Indices are 1-based, i.e. A(1,1) is the first element.
%
%=================================================================================
  50  50  1275
    1     1   -0.15631734652091572
    2     1   -0.18881981186487312
    3     1   0.1949349209855362
    4     1   -0.44835732441443765
    5     1   0.5888877058672023
    6     1   0.22505337640390294
    7     1   -0.2747444363532504
    8     1   0.3696857757530446
    9     1   0.38821555599524826
    10     1   -0.27470640492417264
    11     1   -0.15966231060264638
    12     1   -0.4862327460151045
    13     1   -0.1290421707202061
    14     1   0.11117686150467376
    15     1   -0.4231896997442565
    16     1   0.11722506590792914
    17     1   0.06542664561583547
    18     1   -0.44251322519195824
    19     1   0.23160153820330576
    20     1   0.08689724230392785
    21     1   0.13607159591224444
    22     1   0.14500923467223864
    23     1   0.1629527528995492
    24     1   0.36977502803258105
    25     1   0.19892578585990223
    26     1   -0.0033480170111162624
    27     1   0.2793760708234328
    28     1   0.4574048821750297
    29     1   0.3915922193300667
    30     1   -0.11848191836156849
    31     1   -0.04899442761833376
    32     1   -0.15064065973492802
    33     1   0.4108437432999927
    34     1   0.22287194359225074
    35     1   -0.20035274010528614
    36     1   -0.17529478452393926
    37     1   -0.461233860638223
    38     1   0.14938561905712805
    39     1   0.06615697215279615
    40     1   -0.1902858357271913
    41     1   -0.14528256770108805
    42     1   -0.4040535047875459
    43     1   0.7518185168995275
    44     1   -0.5112799524501569
    45     1   -0.37119126672550645
    46     1   0.20613796850507535
    47     1   -0.16803643827311238
    48     1   -0.2104035067954742
    49     1   -0.10283624205186703
    50     1   0.0741915236256523
    2     2   0.19685273889902966
    3     2   -0.0020817249049201736
    4     2   0.01416225443590232
    5     2   -0.0013947718442602342
    6     2   -0.3633606986124975
    7     2   0.008374501679647511
    8     2   -0.110070774376085
    9     2   -0.3523005665471062
    10     2   0.47087824686759844
    11     2   0.3776184562879942
    12     2   0.0025757467543381166
    13     2   0.023836738343120445
    14     2   -0.0019818811105171696
    15     2   0.6894045267284659
    16     2   -0.10501202641789263
    17     2   0.40131814402695565
    18     2   0.291926473061485
    19     2   -0.06087085270072019
    20     2   0.1719709645587042
    21     2   0.0632828263121261
    22     2   0.16021730596365497
    23     2   -0.035439247706967617
    24     2   -0.28756189622742995
    25     2   0.09261821170977091
    26     2   -0.20116012783047393
    27     2   0.4098023390257253
    28     2   0.03062783166880406
    29     2   0.1074839076273118
    30     2   0.6466569384366145
    31     2   0.04034625859345729
    32     2   0.015865965055960985
    33     2   0.15552224757972827
    34     2   -0.5472787026971602
    35     2   0.16296025057224278
    36     2   0.2706720926670397
    37     2   -0.2927263476951716
    38     2   -0.679326828681796
    39     2   -0.1279671363274385
    40     2   -0.0016151579648835818
    41     2   -0.3725430566751574
    42     2   -0.3546173032071272
    43     2   -0.4091779679002706
    44     2   -0.6880063369959517
    45     2   0.35107118525148984
    46     2   -0.048104287960995196
    47     2   -0.42400446349341747
    48     2   0.032510418905939704
    49     2   -0.2860337290756725
    50     2   0.5560463889066485
    3     3   1.1447627738715442
    4     3   -0.040968999292531325
    5     3   0.09044672599572347
    6     3   -0.528509162917132
    7     3   -0.14720708274728012
    8     3   -0.41652090197741126
    9     3   0.11468275365657117
    10     3   0.14947548538372046
    11     3   -0.16441006280603104
    12     3   0.27582674127087314
    13     3   0.22270375189990185
    14     3   0.37410583186399254
    15     3   0.004646713265705579
    16     3   0.11943789715401018
    17     3   0.5783113305287724
    18     3   -0.053657582182259494
    19     3   -0.5935494918332502
    20     3   0.37417580077712426
    21     3   0.32381439782970056
    22     3   0.0029017139050867558
    23     3   -0.2732602410299651
    24     3   -0.1471081344450981
    25     3   -0.21273271981952052
    26     3   -0.2856123866066533
    27     3   -0.11372150855252455
    28     3   -0.1633541356609301
    29     3   -0.22240613838526807
    30     3   0.2618975734582064
    31     3   -0.11343653491128504
    32     3   0.043425208411676366
    33     3   0.2316103912761496
    34     3   -0.08493853636699818
    35     3   -0.12198905469452881
    36     3   -0.5407197141418594
    37     3   0.15246428344637447
    38     3   -0.048522333268821494
    39     3   -0.1727798263630102
    40     3   -0.5083521909374702
    41     3   0.24257701878637972
    42     3   0.0641719526488153
    43     3   0.20949830726530788
    44     3   0.282025814795378
    45     3   -0.5325076051062521
    46     3   -0.4644238371456635
    47     3   -0.32219642762969397
    48     3   -0.04721621317502585
    49     3   -0.2861626028366484
    50     3   0.005684987389937279
    4     4   0.47714967160580146
    5     4   -0.42231620033264705
    6     4   -0.11651707741861847
    7     4   -0.08727121779736322
    8     4   -0.00749112355973898
    9     4   -0.2683412263990152
    10     4   0.015175742986456173
    11     4   0.23197404676679684
    12     4   -0.12110488128533911
    13     4   0.42521620079829187
    14     4   0.10441405873979653
    15     4   0.236121956108856
    16     4   0.10714433362581605
    17     4   -0.1681810488541239
    18     4   -0.14184256533720713
    19     4   -0.7922551079262175
    20     4   -0.16434991228454185
    21     4   -0.3739393852557997
    22     4   0.515214075252912
    23     4   0.0027868543536608004
    24     4   -0.006606132207130633
    25     4   0.34731068415964494
    26     4   0.32770761224319045
    27     4   -0.11817120902901826
    28     4   -0.19178767087901175
    29     4   0.7181034375290664
    30     4   -0.20692120794998686
    31     4   -0.4684118774526901
    32     4   0.07127741350404367
    33     4   -0.11315676027365922
    34     4   -0.11869276243960428
    35     4   -0.03153670794961677
    36     4   -0.4490561834924507
    37     4   0.05152972856299473
    38     4   -0.08346385809574249
    39     4   0.02867369520537691
    40     4   -0.03885541482750565
    41     4   -0.25444356462595535
    42     4   -0.4256555523431083
    43     4   0.29381354128836457
    44     4   0.6081928575632445
    45     4   0.20156812105270136
    46     4   -0.12065137911681292
    47     4   0.01945522289777102
    48     4   0.2818880804289105
    49     4   0.08004720680985158
    50     4   0.14426988331462243
    5     5   -1.2036087607519994
    6     5   0.6922986517817391
    7     5   -0.16885761966616863
    8     5   -0.43721091350449365
    9     5   0.04923194049869234
    10     5   -0.015600939213405683
    11     5   0.5915685400134227
    12     5   0.05117997829560761
    13     5   0.3633466600220616
    14     5   0.2273686849439389
    15     5   0.5656080404774454
    16     5   0.21869055790432662
    17     5   -0.0046651349021392535
    18     5   -0.41356484898506357
    19     5   -0.004484188596051236
    20     5   -0.1801563088964955
    21     5   0.20845975747285814
    22     5   -0.7017006757705757
    23     5   -0.02832214009499593
    24     5   0.5282922638405994
    25     5   0.07945682875386505
    26     5   0.40221060533066155
    27     5   -0.1951354950548147
    28     5   -0.35505854286899685
    29     5   0.1185806680054832
    30     5   -0.2799128679678682
    31     5   0.1103476324102318
    32     5   -0.37852666801496493
    33     5   -0.049890839412408204
    34     5   0.1455762787457076
    35     5   -0.05441651290401525
    36     5   -0.23529016084988924
    37     5   0.47442575082601707
    38     5   -0.330556319986435
    39     5   0.4754972314100061
    40     5   0.07529466183954069
    41     5   0.07542289385467152
    42     5   0.17434099024025224
    43     5   0.15130281436669293
    44     5   -0.16131218991415186
    45     5   0.5671501753853935
    46     5   -0.23150442665741738
    47     5   0.17298494019074018
    48     5   -0.4983018861685269
    49     5   -0.10621653398788307
    50     5   0.46364272862478617
    6     6   -2.9610870031007335
    7     6   -0.061922973407504765
    8     6   0.24008152887637912
    9     6   0.34780279401068176
    10     6   -0.34918933699836263
    11     6   0.01818434156608967
    12     6   -0.47997012446545506
    13     6   0.6730869917718516
    14     6   -0.14003432739714855
    15     6   0.2694221232460318
    16     6   0.2978979552459395
    17     6   -0.037265457371617315
    18     6   0.2634631689034021
    19     6   0.018913288977473935
    20     6   0.7480352503472325
    21     6   0.2184356465488589
    22     6   0.44568392436570914
    23     6   0.43551193653574166
    24     6   0.277547403971906
    25     6   0.14934307999289456
    26     6   0.3827780016774368
    27     6   -0.23677940103683842
    28     6   -0.22918307108924135
    29     6   -0.36944797163602483
    30     6   0.09710809839956269
    31     6   -0.15270534461143545
    32     6   0.5890143310466889
    33     6   0.5220263679186614
    34     6   0.3385035679380928
    35     6   0.11100262466908058
    36     6   -0.09728631539435724
    37     6   -0.1261564945078648
    38     6   0.3112930629510091
    39     6   0.2879172485560086
    40     6   -0.06537030024888607
    41     6   -0.2407653048944377
    42     6   -0.0220741434903802
    43     6   0.07499658796940367
    44     6   0.543059919401856
    45     6   0.306707804799109
    46     6   0.055194582199710476
    47     6   0.1967608075176473
    48     6   0.6590775301595175
    49     6   -0.07911412804238603
    50     6   -0.1783763580079637
    7     7   -0.15626561255287363
    8     7   0.195218356507254
    9     7   0.0029104548019462384
    10     7   0.3428096479564382
    11     7   0.03873920359011168
    12     7   0.4468850721295801
    13     7   0.3426920579544125
    14     7   0.07420246988605501
    15     7   0.06583006231446947
    16     7   0.11135057815856224
    17     7   -0.14602350348571008
    18     7   0.572307611198874
    19     7   -0.21624560215215255
    20     7   0.18208952878750184
    21     7   0.1119329028208156
    22     7   -0.31617928937164447
    23     7   -0.020246084567023183
    24     7   0.1257914329526777
    25     7   -0.10461840689819003
    26     7   -0.4601762500616455
    27     7   -0.3382003248690558
    28     7   0.004967791526403528
    29     7   0.38893809813921787
    30     7   -0.13656034243033896
    31     7   0.06463769638635081
    32     7   0.3914536606456244
    33     7   -0.11711588622504639
    34     7   0.0017059693939543638
    35     7   -0.15045456062617993
    36     7   -0.12380403446262175
    37     7   0.188766899798884
    38     7   0.1469560500337721
    39     7   0.27168033645188083
    40     7   -0.04822340885802148
    41     7   -0.038458536181523395
    42     7   -0.03934219718306686
    43     7   -0.33801221328593356
    44     7   0.09673744548615841
    45     7   -0.28929018850001054
    46     7   -0.23001477600974857
    47     7   0.0023340373594194774
    48     7   -0.1410908077447589
    49     7   0.23956971442803737
    50     7   -0.1122906123980629
    8     8   2.175112801495539
    9     8   0.40547142394676056
    10     8   -0.3427423449469521
    11     8   -0.6670266051035492
    12     8   0.5278337140110853
    13     8   -0.10041205097798522
    14     8   0.15003446334755763
    15     8   -0.23093471703218793
    16     8   -0.4369632417362643
    17     8   0.14913560487965008
    18     8   0.009574525652471855
    19     8   0.037079132055235754
    20     8   0.22624493407892088
    21     8   -0.15772603095063184
    22     8   -0.0019537246526047936
    23     8   -0.04585926261909687
    24     8   0.16133871039535955
    25     8   -0.2163236184391646
    26     8   -0.21108012593240214
    27     8   -0.4048211043867983
    28     8   0.17778275729487764
    29     8   -0.5508884402873363
    30     8   -0.5713104148613593
    31     8   -0.3092286654337797
    32     8   0.11077211002983214
    33     8   -0.2884223569870872
    34     8   -0.11726273576409552
    35     8   0.44019515380592406
    36     8   0.13057045148686894
    37     8   -0.7319189630895431
    38     8   -0.13284055908310993
    39     8   0.37508286239314775
    40     8   0.25077760394861126
    41     8   -0.4072332598282337
    42     8   -0.38780800623344297
    43     8   -0.19062106047069596
    44     8   -0.45365362559658345
    45     8   -0.445768003346949
    46     8   -0.03478890546151572
    47     8   -0.13625580143547278
    48     8   -0.08034737490975041
    49     8   0.3124763042837857
    50     8   0.005903697246475603
    9     9   -0.4256782558511587
    10     9   0.13450674726343131
    11     9   -0.2160686726740258
    12     9   0.03348482804517433
    13     9   -0.22308371760350862
    14     9   0.20322595388876313
    15     9   -0.15378096174823433
    16     9   -0.11885819786396573
    17     9   -0.38221100785250317
    18     9   0.42537570857081974
    19     9   0.3765459095435803
    20     9   0.167966338615598
    21     9   -0.2707104013234063
    22     9   0.08936890628757208
    23     9   0.27246853340143024
    24     9   -0.13046689424409472
    25     9   -0.13984803826943026
    26     9   0.08625711860867363
    27     9   0.02692434406493427
    28     9   0.37382907322547393
    29     9   0.04331371978587727
    30     9   -0.13587620928975958
    31     9   -0.19418205145195866
    32     9   0.1780636139935099
    33     9   0.06006798426181567
    34     9   -0.06798315369708696
    35     9   -0.15100640902918927
    36     9   0.17334558577071268
    37     9   0.16948999305720763
    38     9   -0.02599464254781783
    39     9   -0.2858956258984081
    40     9   -0.10097496262046618
    41     9   -0.1195692831503366
    42     9   -0.04594479471807292
    43     9   0.1270056239298758
    44     9   -0.16173962981493545
    45     9   -0.0013915532475486797
    46     9   0.7415765959156906
    47     9   -0.0469839707125396
    48     9   -0.00349767285534322
    49     9   -0.2505375472307517
    50     9   -0.29252779864821843
    10     10   -1.6504693494116938
    11     10   0.5319695191191349
    12     10   0.614735934951033
    13     10   -0.20927510466134214
    14     10   0.3429342140067685
    15     10   -0.20348790400143751
    16     10   0.2427288457612312
    17     10   0.4287334703466432
    18     10   0.11857258008882637
    19     10   -0.32207171774607646
    20     10   -0.1628807624677555
    21     10   0.321435504727939
    22     10   0.04589179051725108
    23     10   -0.2783393059585883
    24     10   0.09493782643232379
    25     10   -0.02226073072728598
    26     10   -0.3268980989104008
    27     10   0.5225489283047493
    28     10   0.4930712344447894
    29     10   -0.09478759765715533
    30     10   -0.10157692740963022
    31     10   -0.02579596484861904
    32     10   0.6515150166342383
    33     10   0.6312839937469903
    34     10   -0.3765768846990476
    35     10   0.24888962369641382
    36     10   -0.3008312138732223
    37     10   0.196592677046336
    38     10   -0.1564254964376039
    39     10   0.5821676367998879
    40     10   0.08783496464677834
    41     10   0.5087083795900561
    42     10   0.3078378181012393
    43     10   0.2023004337915758
    44     10   -0.20382098754599948
    45     10   -0.3154406809004872
    46     10   -0.16759323440164126
    47     10   -0.14122051589377294
    48     10   -0.1801285006784648
    49     10   -0.17933278866542726
    50     10   -0.23561412082161173
    11     11   -1.6596231187695132
    12     11   0.08057147743098594
    13     11   -0.04200598369525729
    14     11   -0.23851200652020937
    15     11   0.44718189394711505
    16     11   0.509331633821358
    17     11   0.1427743687043368
    18     11   -0.2102578863787107
    19     11   0.18803069427197988
    20     11   0.3236172019940049
    21     11   0.07150672655602383
    22     11   0.1401511295346347
    23     11   0.07515461044114918
    24     11   -0.08101580408111027
    25     11   -0.2556476852072535
    26     11   0.15051059942488693
    27     11   -0.4396129692905745
    28     11   0.5600919206609304
    29     11   -0.6516264502668987
    30     11   0.4029886985130383
    31     11   0.2928980287558663
    32     11   0.6214539400131198
    33     11   0.2841647712627303
    34     11   0.13560727217203336
    35     11   -0.01614010131270932
    36     11   -0.16008545000388527
    37     11   -0.35360078512111726
    38     11   0.46670897920962945
    39     11   0.20317064358777748
    40     11   0.2195790302316234
    41     11   0.45846443351287186
    42     11   -0.2570830806505922
    43     11   0.2787649206543599
    44     11   0.20363454622177046
    45     11   -0.23733764777492358
    46     11   0.12827217946283534
    47     11   0.01776860943740409
    48     11   -0.5445523479079603
    49     11   -0.24848314280106226
    50     11   0.0699228125715276
    12     12   -0.662343445296233
    13     12   0.17065797401448196
    14     12   -0.05650984641424922
    15     12   0.2672321856505652
    16     12   -0.42187342056642274
    17     12   -0.16927743505644344
    18     12   0.2797702757143929
    19     12   0.13242246658107065
    20     12   0.023013309576371647
    21     12   0.03549375489659313
    22     12   0.02439458504637046
    23     12   0.0868162686148714
    24     12   0.25262944766652146
    25     12   -0.12445842930083836
    26     12   0.12843473892839063
    27     12   -0.03414428627824175
    28     12   -0.2021284139062242
    29     12   -0.0030261720831007977
    30     12   -0.06332571261905337
    31     12   -0.12384457495486148
    32     12   0.34772123814808553
    33     12   -0.03944417540194692
    34     12   0.13150471689330295
    35     12   -0.6464650394324051
    36     12   0.21565761634775854
    37     12   -0.1581852011649388
    38     12   0.29776817198838623
    39     12   0.3556853793400061
    40     12   0.2904959903062069
    41     12   -0.06642214119773068
    42     12   -0.19149923475953604
    43     12   -0.15703296832125202
    44     12   -0.6307564115413341
    45     12   -0.1970094704716238
    46     12   -0.004274515882494001
    47     12   -0.0670143631923556
    48     12   0.33912630116713827
    49     12   -0.027890023170308725
    50     12   0.3846585643045346
    13     13   -0.6790935697595522
    14     13   -0.013066725724718259
    15     13   -0.023332459855369025
    16     13   0.05363793009151505
    17     13   -0.2079352092874405
    18     13   0.12763296533462454
    19     13   -0.06224482197562295
    20     13   0.042950595772701536
    21     13   0.3487634912200293
    22     13   -0.010340252660932164
    23     13   -0.3275046589384148
    24     13   -0.08288132483274634
    25     13   -0.06980910628404009
    26     13   -0.03356462033687814
    27     13   -0.6781901353115095
    28     13   -0.34527329828975806
    29     13   -0.07361566337443286
    30     13   -0.019471924121950653
    31     13   -0.18946701845907632
    32     13   -0.211285276810386
    33     13   0.04516591835594452
    34     13   0.17395777334729284
    35     13   0.26496620477770905
    36     13   -0.03766544082002632
    37     13   0.1804716781562148
    38     13   0.342220186197094
    39     13   0.04565253393338714
    40     13   0.4608620464243437
    41     13   -0.0877946138242873
    42     13   0.20190722559097446
    43     13   0.3600341546468444
    44     13   0.3450312899006527
    45     13   0.15923873492041632
    46     13   -0.5270718777625127
    47     13   -0.8073586158183613
    48     13   0.10080036798156661
    49     13   0.7368956909705204
    50     13   -0.3418499507600862
    14     14   -0.6970743040362672
    15     14   0.531813293195642
    16     14   0.06850843456093458
    17     14   -0.3639729422164914
    18     14   0.08700809600348028
    19     14   0.25792130623660925
    20     14   0.16567870588316913
    21     14   -0.36614519225579667
    22     14   -0.32482150185148706
    23     14   0.08615231095083392
    24     14   -0.2738105537951197
    25     14   0.019554276862348202
    26     14   -0.2544056642175341
    27     14   0.3215583961481583
    28     14   0.03709542729139563
    29     14   0.05357241226078862
    30     14   -0.009694101776798414
    31     14   -0.17033527449592928
    32     14   0.3161460770539958
    33     14   0.3476915954882682
    34     14   -0.016068697142952837
    35     14   -0.1373640850389921
    36     14   -0.24815540039374667
    37     14   0.16902498043837666
    38     14   -0.10746066368331335
    39     14   0.39060270652628004
    40     14   -0.24887575043573487
    41     14   0.12516657165493228
    42     14   0.3556256700994145
    43     14   0.23671444386075524
    44     14   -0.004972398585414296
    45     14   -0.27091823660290343
    46     14   -0.27391904337350614
    47     14   0.047322133985891
    48     14   -0.5033389893349751
    49     14   0.49865704479198825
    50     14   -0.28476453103473515
    15     15   -1.3822561460934872
    16     15   -0.14774212681782156
    17     15   -0.5015823564351612
    18     15   -0.22225060399451158
    19     15   0.287075022543149
    20     15   0.06960008233657622
    21     15   -0.04682304202124474
    22     15   0.040266357350880036
    23     15   0.1806638980756164
    24     15   -0.00017906473506906773
    25     15   0.09013094355144785
    26     15   -0.12639308028798468
    27     15   0.008598083004966672
    28     15   0.36691165114169066
    29     15   0.1867073200425603
    30     15   0.08141450184024053
    31     15   -0.013529509736646003
    32     15   0.1037972150212362
    33     15   -0.162674014324089
    34     15   0.10610054376509713
    35     15   -0.3121740603781396
    36     15   -0.027336405386894323
    37     15   0.39813629082036894
    38     15   -0.1052194653426066
    39     15   -0.05839666136161542
    40     15   0.18693690748078037
    41     15   -0.20783047678252364
    42     15   0.06693935285232304
    43     15   -0.19379976453762118
    44     15   -0.00747851971301533
    45     15   0.046739694788044975
    46     15   0.14276036449869517
    47     15   0.15243437318080386
    48     15   0.3713159902413165
    49     15   0.14905752863781513
    50     15   -0.18019972968450115
    16     16   -1.1419809223984012
    17     16   0.1626277306553479
    18     16   0.4662883364501903
    19     16   -0.009724282876607648
    20     16   -0.1069778904200291
    21     16   0.19296870330457597
    22     16   0.5060781806449317
    23     16   0.01746389235163759
    24     16   -0.3437294477929245
    25     16   0.03205632978854987
    26     16   -0.32014330063717805
    27     16   -0.2626000342363104
    28     16   0.0515830858623707
    29     16   0.23650858013742454
    30     16   -0.03331154199085093
    31     16   0.6049371913597883
    32     16   0.18905381828072532
    33     16   -0.4936452325301004
    34     16   0.175033398682319
    35     16   0.05919650692108641
    36     16   0.35256633952766536
    37     16   -0.056858376296910096
    38     16   0.3176708624896604
    39     16   0.14164465539357254
    40     16   0.2338587653781963
    41     16   -0.508329785950034
    42     16   -0.09948659172970734
    43     16   -0.11576293070712337
    44     16   -0.2528687508126921
    45     16   0.2729730928890886
    46     16   0.33471020877942464
    47     16   -0.5094792201543155
    48     16   0.043442172402078844
    49     16   -0.0009573748894361276
    50     16   0.3916705356931324
    17     17   0.13225920779905437
    18     17   -0.13319027745507123
    19     17   0.21651109131295784
    20     17   0.4561795347563572
    21     17   -0.0030710070094118955
    22     17   -0.2899025281561136
    23     17   0.2748772462771744
    24     17   0.4221674283952853
    25     17   -0.16129976218713893
    26     17   0.5502359644121009
    27     17   -0.0031965668589096774
    28     17   -0.5607662894779235
    29     17   -0.12196847779613927
    30     17   -0.6532481422854672
    31     17   0.06895590910059332
    32     17   -0.09492140217658299
    33     17   -0.24194415630553615
    34     17   -0.5340745500134911
    35     17   0.04267941176147082
    36     17   -0.05258115372481677
    37     17   0.062263633527126855
    38     17   0.0998980151529357
    39     17   -0.13592522601646068
    40     17   0.026082173495992705
    41     17   -0.1568258077361439
    42     17   -0.2937273255437658
    43     17   -0.16029465519802935
    44     17   0.47180592093566426
    45     17   0.0999807737560053
    46     17   0.40734675231258344
    47     17   0.3206722051468531
    48     17   -0.3798721539796181
    49     17   -0.03407393222809136
    50     17   0.27949573891159074
    18     18   -0.5804037075418584
    19     18   0.6805805905780211
    20     18   -0.033328612224143
    21     18   0.1093397604201252
    22     18   0.16540111486319842
    23     18   0.11291357675631648
    24     18   -0.3276877773063186
    25     18   -0.8595615269693644
    26     18   -0.43882925716583965
    27     18   0.30213907426643083
    28     18   0.13990759920425339
    29     18   -0.07293136149299981
    30     18   -0.2971882556712089
    31     18   -0.00425479160772629
    32     18   0.2024981015649131
    33     18   0.11308874237422514
    34     18   0.31850413341688505
    35     18   -0.10369406545243046
    36     18   -0.18760903382644525
    37     18   0.2956609362984506
    38     18   -0.4516444255609574
    39     18   -0.09380075345119686
    40     18   0.193291139106407
    41     18   0.10198099567165517
    42     18   0.07958497410127804
    43     18   0.10161379420966632
    44     18   -0.5258985686097286
    45     18   0.26343142225690996
    46     18   0.2037977728205521
    47     18   0.1062907958468633
    48     18   0.016641137472704404
    49     18   0.06720510816489662
    50     18   -0.04127767642546123
    19     19   -0.3618500393683671
    20     19   -0.2346073815525909
    21     19   -0.09737940637683869
    22     19   0.38928809113919977
    23     19   0.5155693805147643
    24     19   0.18784179945774437
    25     19   -0.03815905265377103
    26     19   -0.09394635144741519
    27     19   0.10604837956500554
    28     19   -0.06755695257208408
    29     19   0.18908882984839193
    30     19   -0.2734919440788926
    31     19   0.018839672111554732
    32     19   -0.2451676073911506
    33     19   0.26655339724315086
    34     19   0.1993669777126959
    35     19   0.2984882218691989
    36     19   0.2909240835218204
    37     19   -0.29952430624623133
    38     19   -0.04289195671461826
    39     19   0.08320624801779304
    40     19   0.09232863970040107
    41     19   -0.8133936582868015
    42     19   -0.23901573860756314
    43     19   0.04632052120892005
    44     19   -0.07178246310667083
    45     19   -0.6736965623768593
    46     19   0.5787580609298356
    47     19   -0.3054008141572704
    48     19   0.10603828375570123
    49     19   -0.14612892676970868
    50     19   0.6319476399823386
    20     20   -1.3877676979623053
    21     20   -0.3129187103785585
    22     20   0.1218890335491809
    23     20   0.010457579069334477
    24     20   0.022922833101177986
    25     20   -0.4377015496618324
    26     20   -0.22755272858119371
    27     20   -0.1391523174340042
    28     20   -0.08013155399154084
    29     20   -0.11444507852599455
    30     20   0.12803012363365307
    31     20   0.20697779048808995
    32     20   0.3673976335701688
    33     20   -0.24358653457076318
    34     20   -0.15736375150003362
    35     20   -0.0799714460830388
    36     20   0.07993056375292272
    37     20   -0.019095513861168555
    38     20   0.1334415416086127
    39     20   -0.28192884470895874
    40     20   0.46934140982900685
    41     20   -0.18154715136760674
    42     20   0.36909463410027943
    43     20   0.2667891530011264
    44     20   -0.1614530181347587
    45     20   -0.12446841322314797
    46     20   0.18758574698120012
    47     20   -0.17385201480256876
    48     20   0.26124125589827607
    49     20   0.19599969037600568
    50     20   0.5334864118481101
    21     21   0.5352529913813009
    22     21   0.39329479210259816
    23     21   -0.013635788247245706
    24     21   -0.047702648418674685
    25     21   -0.030711943795159846
    26     21   -0.08364342810074302
    27     21   -0.17550972486993532
    28     21   -0.34212384709596966
    29     21   0.23582894910031904
    30     21   0.7422806883990841
    31     21   -0.2973885135449131
    32     21   0.18549503161880992
    33     21   -0.006200723224124793
    34     21   -0.07508432612322197
    35     21   0.1896457030905383
    36     21   -0.18162630212841355
    37     21   0.48315467640935206
    38     21   0.10234727813585237
    39     21   -0.21245774427330102
    40     21   -0.4981692452456816
    41     21   -0.9218882991336603
    42     21   -0.3266831795125584
    43     21   0.20334372866910058
    44     21   0.08762693734587462
    45     21   -0.4153065506744591
    46     21   -0.2033748768476663
    47     21   0.00037443815907685363
    48     21   -0.19700003458934906
    49     21   -0.3514876292506893
    50     21   0.17330470683235694
    22     22   -0.9158616366268598
    23     22   0.23816226919106884
    24     22   0.29958299393658866
    25     22   0.2615994362256022
    26     22   -0.3989116673509334
    27     22   -0.16115841583007956
    28     22   -0.37220800193176906
    29     22   0.41272430258749204
    30     22   -0.17257385505403844
    31     22   0.21813381409470262
    32     22   0.03885118686026329
    33     22   0.04200877631902791
    34     22   -0.22300165089171012
    35     22   0.04228581053594161
    36     22   -0.31863078900062564
    37     22   -0.3297641595256793
    38     22   0.4187461972853994
    39     22   -0.17772752760932806
    40     22   0.2631480578288597
    41     22   0.05076917441592574
    42     22   0.10572181336245093
    43     22   -0.19171816430892616
    44     22   -0.231151500398321
    45     22   0.02904996348686592
    46     22   0.07712515978629178
    47     22   0.2073371446852612
    48     22   0.05010655259295478
    49     22   0.1156153974789586
    50     22   -0.00255130825058561
    23     23   -0.6949310187700113
    24     23   -0.11867086348213757
    25     23   -0.05461894894874503
    26     23   0.06692522969395212
    27     23   -0.20066107010113732
    28     23   0.38702903849465775
    29     23   0.10366249965970634
    30     23   -0.4247322521546255
    31     23   0.05626860848043695
    32     23   -0.5382025494473843
    33     23   -0.10401263769283473
    34     23   -0.13639925820799792
    35     23   0.05227540176256963
    36     23   -0.0599548388261999
    37     23   0.44679722276767797
    38     23   -0.5774762365217846
    39     23   0.24210189282546585
    40     23   0.4991774102968775
    41     23   0.2195650381569215
    42     23   -0.19644275151304014
    43     23   -0.08202206132394481
    44     23   -0.13838801681185608
    45     23   0.18460323106418053
    46     23   -0.1798034227715903
    47     23   0.2564188006117517
    48     23   0.24090254274930706
    49     23   0.2417462549950148
    50     23   -0.24557060648606993
    24     24   -1.2723497385491875
    25     24   -0.49126249584272297
    26     24   0.33469716197121324
    27     24   -0.07903863468399874
    28     24   -0.24364750447447137
    29     24   -0.08972570124039947
    30     24   0.08300726211612253
    31     24   0.5580645161851422
    32     24   0.03975241887826597
    33     24   0.5038252109760126
    34     24   0.1458150416394624
    35     24   0.4683877017903389
    36     24   0.4272093914530585
    37     24   0.15730262772899428
    38     24   -0.07634554502368932
    39     24   0.13235336282090973
    40     24   0.026810056236317582
    41     24   0.16996792040518843
    42     24   -0.28194944554046203
    43     24   -0.14717197958276088
    44     24   0.6539832622055548
    45     24   -0.21233569836742047
    46     24   0.19286126826023647
    47     24   0.15404890452498987
    48     24   -0.30246835019335594
    49     24   -0.4425389608211982
    50     24   -0.03230894093786394
    25     25   1.233015202757002
    26     25   0.12322852273200832
    27     25   -0.21221589829252874
    28     25   -0.1222137518129891
    29     25   -0.31459565520157245
    30     25   -0.03794176671797014
    31     25   0.24739208335133867
    32     25   -0.10284563594954874
    33     25   -0.36500806633609023
    34     25   0.5044632437001635
    35     25   -0.47919362748832806
    36     25   0.22333876216619833
    37     25   -0.14682955184862373
    38     25   -0.5762006237118089
    39     25   0.24876877693105567
    40     25   0.09060912057921328
    41     25   0.29733205427620396
    42     25   -0.17722780798698679
    43     25   0.20822608634597434
    44     25   -0.21553158469471784
    45     25   0.041512793619439436
    46     25   0.25448969337768884
    47     25   0.3434966958900049
    48     25   -0.27391497763789785
    49     25   0.06625440836637858
    50     25   -0.14340526107017762
    26     26   0.8714105951945877
    27     26   -0.09083326216718332
    28     26   0.29041304896786074
    29     26   -0.4262547070185894
    30     26   0.3869771302374022
    31     26   -0.21997155783924255
    32     26   -0.566821566136816
    33     26   -0.007423330884104611
    34     26   -0.3622919393939329
    35     26   -0.2682532331986966
    36     26   -0.19408488374489805
    37     26   -0.1325688650836187
    38     26   0.48566248930455314
    39     26   0.047338209187684
    40     26   -0.21119126841516117
    41     26   -0.025013726034660747
    42     26   0.1617921040318417
    43     26   -0.0776318020036873
    44     26   0.5084922550807848
    45     26   -0.26878648514821973
    46     26   -0.23179836513659005
    47     26   0.38461425738556054
    48     26   0.24816181982296945
    49     26   -0.12114435585120312
    50     26   -0.13952360689535076
    27     27   0.3059409082478014
    28     27   -0.5671120386351376
    29     27   0.25702137623135357
    30     27   0.3022715117530285
    31     27   0.19490278286784665
    32     27   -0.03676954421176995
    33     27   -0.1606454893133041
    34     27   0.07004345309045398
    35     27   0.32042322006415797
    36     27   -0.036120826515450524
    37     27   0.34764610983811783
    38     27   -0.3356406882844319
    39     27   0.520579087359391
    40     27   -0.1439814785237573
    41     27   -0.014304396314865655
    42     27   0.11532298124088843
    43     27   -0.43748713397581535
    44     27   0.5823495327233983
    45     27   -0.07744300449503552
    46     27   -0.04107557361203165
    47     27   -0.18895938393197756
    48     27   0.4383269737591484
    49     27   0.17907000143966167
    50     27   0.0058474540305880895
    28     28   -0.6927537920391116
    29     28   -0.0039567829323476356
    30     28   0.10442282187359743
    31     28   0.0033143833031218095
    32     28   -0.06470372567875587
    33     28   0.5317897363617323
    34     28   -0.6743099690621148
    35     28   0.7536858987998676
    36     28   -0.1955867082776679
    37     28   0.46767258492298214
    38     28   0.4610144584355854
    39     28   0.01844947430996048
    40     28   0.35341377345023406
    41     28   -0.28863525100638354
    42     28   0.32269963480171765
    43     28   0.027146994374437586
    44     28   0.3032661781621875
    45     28   -0.38807870454271537
    46     28   -0.44613669046020354
    47     28   0.6171088276018786
    48     28   0.11244897151249555
    49     28   -0.12717430763698798
    50     28   -0.030514283506888285
    29     29   0.18195215401333545
    30     29   -0.15278866244375497
    31     29   0.0044112535868056565
    32     29   -0.029233414255959184
    33     29   0.12734532861167658
    34     29   -0.577560916172915
    35     29   -0.17079780560504002
    36     29   -0.33253300449263395
    37     29   0.24619148815023853
    38     29   -0.07290557711405257
    39     29   0.035375468504916574
    40     29   -0.02075164406280472
    41     29   0.08820669588727746
    42     29   -0.08400014543628548
    43     29   0.2634516895000412
    44     29   0.066499918773129
    45     29   -0.1516777866684223
    46     29   -0.33528471282290245
    47     29   0.35016298556185055
    48     29   0.04027946832978391
    49     29   -0.25353093863468784
    50     29   0.2617858803902679
    30     30   -0.7723420946239025
    31     30   0.1575496879156134
    32     30   0.26282684451672905
    33     30   -0.061706464246700454
    34     30   0.1706854414905823
    35     30   0.09212779653953809
    36     30   0.09344960548836961
    37     30   0.09002078283374593
    38     30   -0.037952363372875914
    39     30   0.5519799971606207
    40     30   -0.014061450849036171
    41     30   -0.27699054447533333
    42     30   0.549867473283058
    43     30   -0.5702623254922509
    44     30   -0.023158827036674018
    45     30   -0.06731309067504213
    46     30   0.5994926496902421
    47     30   0.07532817709169523
    48     30   -0.0811929888320643
    49     30   0.2906305731055485
    50     30   0.19471591363661117
    31     31   -0.44103174057532407
    32     31   -0.23434633481188405
    33     31   -0.15166450498627215
    34     31   0.26255813476782036
    35     31   0.14781275250915532
    36     31   -0.10635730403190792
    37     31   -0.153397037669658
    38     31   0.3925226084414336
    39     31   -0.12638728196750218
    40     31   -0.08828367657061521
    41     31   -0.19661379861194447
    42     31   -0.1428989532070997
    43     31   -0.7512799375480429
    44     31   0.053125303510149574
    45     31   0.4603410822512962
    46     31   0.371667224544084
    47     31   0.28157321246322764
    48     31   -0.10494401705527981
    49     31   0.18013945993537905
    50     31   0.2720653471638649
    32     32   -1.7598453831092926
    33     32   0.011795428016842996
    34     32   0.43361935397091456
    35     32   0.357772532217317
    36     32   0.2388001290626317
    37     32   0.06833055215754377
    38     32   0.06324451142814949
    39     32   0.3401519017087293
    40     32   -0.1066787725904609
    41     32   0.20200835077020987
    42     32   -0.35259271054556596
    43     32   -0.01565929013106096
    44     32   0.21390456575264466
    45     32   -0.16987188242787715
    46     32   -0.21200962522466724
    47     32   0.3614962854585686
    48     32   0.15254643618065977
    49     32   -0.02300702705899696
    50     32   -0.11707641275475397
    33     33   -0.09137149015845378
    34     33   -0.27186197232323794
    35     33   -0.10991975262018756
    36     33   -0.17175686929769274
    37     33   -0.15919079644464523
    38     33   0.11345796116363507
    39     33   0.0806718814334193
    40     33   -0.11837976041068135
    41     33   -0.5635780727629442
    42     33   -0.5751380085969737
    43     33   0.0036507233458044214
    44     33   0.009861194150140168
    45     33   0.08706809221682776
    46     33   0.3350897876396983
    47     33   -0.23605592860125482
    48     33   0.0004562362404794129
    49     33   0.13576367933307526
    50     33   -0.05563787452743632
    34     34   0.653126154128075
    35     34   -0.5495046964865238
    36     34   -0.2724530574668675
    37     34   0.15387350805620137
    38     34   0.055021646827031284
    39     34   0.13147653383621657
    40     34   0.0117155370328111
    41     34   -0.1662625235813592
    42     34   -0.051375975308791955
    43     34   0.1835963881499006
    44     34   0.3894270841543494
    45     34   0.48274866657312865
    46     34   -0.08094123684815509
    47     34   0.014984193509227986
    48     34   -0.7138266423939273
    49     34   -0.3573274023393392
    50     34   0.26742823020651935
    35     35   -0.056434661263621025
    36     35   0.07751038903357868
    37     35   0.4092869394515122
    38     35   0.4158696852720054
    39     35   -0.09873464010201488
    40     35   -0.40912977285257085
    41     35   -0.2511055038609542
    42     35   0.1839850595535953
    43     35   -0.05183677254234563
    44     35   -0.14635804075122077
    45     35   -0.5084211477768724
    46     35   0.11844851090475218
    47     35   -0.1303779545134795
    48     35   0.11559887271502069
    49     35   0.0057768975364770325
    50     35   -0.08720411651748426
    36     36   1.3737743637272204
    37     36   -0.0015728401688913096
    38     36   0.17648456865438863
    39     36   -0.5635921016760631
    40     36   -0.16289207647329676
    41     36   -0.050679811169882155
    42     36   -0.21826177212708414
    43     36   -0.27199996142853866
    44     36   0.05443571977753597
    45     36   0.5453293466978538
    46     36   -0.5450578909585383
    47     36   0.10765566182256145
    48     36   0.26394583560352414
    49     36   -0.38738578275483265
    50     36   0.2368872411447091
    37     37   -0.6633187625880899
    38     37   0.03614587291423298
    39     37   0.28962652453762805
    40     37   -0.017796959920836828
    41     37   -0.017164069951421196
    42     37   -0.11486550088173852
    43     37   -0.46732597576595103
    44     37   -0.09650260343183159
    45     37   -0.3273753266916578
    46     37   0.2969891447276042
    47     37   -0.07203250726196303
    48     37   -0.3044466355602056
    49     37   0.37410201606604454
    50     37   -0.03919669853615731
    38     38   -0.4350313565633642
    39     38   0.056027227424524415
    40     38   -0.0050077670206076785
    41     38   0.1478357770014962
    42     38   0.319591186844054
    43     38   0.3091708739155614
    44     38   -0.4261471352032714
    45     38   -0.3548773005194712
    46     38   0.2224436826370756
    47     38   -0.22321318615892893
    48     38   0.07006269375856182
    49     38   -0.1637585181468601
    50     38   -0.22705700452443514
    39     39   -1.502288131413978
    40     39   0.07165435879404738
    41     39   -0.048105159640497996
    42     39   -0.39883203714235643
    43     39   0.30514217339856586
    44     39   0.2271655007280974
    45     39   0.13244426102297574
    46     39   -0.4262661905222045
    47     39   -0.24630731218119267
    48     39   -0.12637608633830277
    49     39   -0.3234504266724222
    50     39   0.17106206332810187
    40     40   -0.40105904110922996
    41     40   -0.17264237144367883
    42     40   0.13499364506724026
    43     40   -0.4843772937051014
    44     40   -0.05885866587243616
    45     40   -0.020228345140627407
    46     40   0.13195689190194387
    47     40   0.44508824700435934
    48     40   0.04301595868759586
    49     40   -0.02399884337966249
    50     40   -0.09716589295175254
    41     41   1.561153113336375
    42     41   0.15733126495286584
    43     41   0.1945922969131999
    44     41   0.22957153350313925
    45     41   0.18517757934107765
    46     41   0.5964201950272873
    47     41   -0.11010824084520571
    48     41   -0.14338158624377556
    49     41   -0.2339216274496422
    50     41   -0.09257020966604071
    42     42   1.210165728688359
    43     42   -0.2805043650020508
    44     42   -0.16537296928688308
    45     42   0.24945287883180198
    46     42   0.3552344337128143
    47     42   -0.11606439761631727
    48     42   -0.310818773619949
    49     42   -0.08419364654289305
    50     42   -0.05829663767267687
    43     43   0.8190749819965168
    44     43   -0.27826641128136476
    45     43   -0.8489122245154993
    46     43   0.19673091058663902
    47     43   -0.23147978020006243
    48     43   0.02689931541058195
    49     43   0.18067277986429917
    50     43   -0.08910969833123084
    44     44   -0.5732176873413511
    45     44   0.12527549869225604
    46     44   -0.04012114073128273
    47     44   0.24026818828116855
    48     44   0.24765829265896236
    49     44   0.10575745852795186
    50     44   0.152158904671906
    45     45   1.0905852431839278
    46     45   0.2595371341444118
    47     45   0.0230104595907797
    48     45   0.22403318532859576
    49     45   0.17554546449321282
    50     45   -0.38551395290218665
    46     46   -1.079690518692402
    47     46   0.055963377329523084
    48     46   -0.01864197827755764
    49     46   -0.504987940212479
    50     46   0.47663666890708406
    47     47   -0.35374556565877624
    48     47   0.6313895706691475
    49     47   -0.24865933059525028
    50     47   0.026209245582038854
    48     48   0.06647389711780818
    49     48   0.217959356415254
    50     48   -0.30305989079224604
    49     49   0.7391108817376887
    50     49   -0.6328300903991463
    50     50   -0.6667646519051404
