%%MatrixMarket matrix coordinate real symmetric
%=================================================================================
%
% This ASCII file represents a sparse MxN matrix with L
% nonzeros in the following Matrix Market format:
%
% +----------------------------------------------+
% |%%MatrixMarket matrix coordinate real general | <--- header line
% |%                                             | <--+
% |% comments                                    |    |-- 0 or more comment lines
% |%                                             | <--+
% |    M  N  L                                   | <--- rows, columns, entries
% |    I1  J1  A(I1, J1)                         | <--+
% |    I2  J2  A(I2, J2)                         |    |
% |    I3  J3  A(I3, J3)                         |    |-- L lines
% |        . . .                                 |    |
% |    IL JL  A(IL, JL)                          | <--+
% +----------------------------------------------+
%
% Indices are 1-based, i.e. A(1,1) is the first element.
%
%=================================================================================
  50  50  1275
    1     1   -0.3857597578002958
    2     1   0.062317218738849586
    3     1   0.1950600634098908
    4     1   0.27661707913484607
    5     1   -0.09290588750715037
    6     1   0.5293051814070524
    7     1   -0.7621190168870629
    8     1   -0.049784055287924345
    9     1   0.19749899535738397
    10     1   0.1563208792751175
    11     1   0.05145730751490979
    12     1   0.447554581096241
    13     1   0.27907629654503047
    14     1   -0.2079120149361143
    15     1   -0.06859389771205393
    16     1   -0.08732901214141356
    17     1   -0.1283829843196979
    18     1   0.0706215851249096
    19     1   0.08089709135230544
    20     1   -0.07845338321087406
    21     1   0.25077106779600256
    22     1   -0.022785136416166113
    23     1   -0.15362041024534698
    24     1   -0.014621673137771005
    25     1   -0.07236467384887495
    26     1   0.34150543510010634
    27     1   -0.1916405535004888
    28     1   -0.1505228697471874
    29     1   0.015737865560183473
    30     1   -0.2775806040657161
    31     1   -0.12191281720077046
    32     1   0.38455774296771605
    33     1   0.07923363154984166
    34     1   0.38968439755436113
    35     1   0.3920752340623479
    36     1   0.19480568029607112
    37     1   0.48505633845979296
    38     1   -0.1335552099843163
    39     1   -0.5186863610637513
    40     1   -0.4043688664415956
    41     1   -0.05953621315603444
    42     1   0.20166788617216988
    43     1   0.052912068445336025
    44     1   -0.18083562798109065
    45     1   0.011001102940116454
    46     1   -0.13284124904337904
    47     1   0.10249591477170428
    48     1   -0.4572957763994112
    49     1   0.03106442609661924
    50     1   -0.14012726089412236
    2     2   0.7740610876698888
    3     2   -0.01639790135667174
    4     2   0.5568360973040033
    5     2   -0.12302227701512591
    6     2   -0.07115668960934564
    7     2   0.126434702391624
    8     2   -0.3702240029102641
    9     2   -0.07239356108277016
    10     2   -0.4006549121976848
    11     2   0.13945538898291215
    12     2   0.051517643970856175
    13     2   -0.20161768632366509
    14     2   -0.12118126778016225
    15     2   -0.34244807169952124
    16     2   0.015189344355882366
    17     2   -0.3824198634419602
    18     2   -0.20853852199057332
    19     2   -0.4779905602908649
    20     2   0.23263144184560317
    21     2   0.7753244636153405
    22     2   0.15528093252620034
    23     2   -0.4293204360780461
    24     2   -0.08031581080736337
    25     2   -0.1919469870369081
    26     2   0.29088729523367
    27     2   -0.28363754146470305
    28     2   -0.21305980131408797
    29     2   -0.29080614885625616
    30     2   -0.17997920964437045
    31     2   0.10694405156035916
    32     2   0.19256857483502585
    33     2   -0.2522922279066775
    34     2   0.13589989025095706
    35     2   -0.06161653324782418
    36     2   0.26160139658083365
    37     2   -0.1603468040879076
    38     2   -0.029521552735006326
    39     2   0.3283906889519707
    40     2   -0.1355455932633663
    41     2   -0.2875427474848915
    42     2   -0.03761294092840645
    43     2   0.2961434606635686
    44     2   0.37134075742976436
    45     2   -0.09287194811850354
    46     2   -0.0146474008266584
    47     2   0.2536726540238812
    48     2   -0.00795338275355388
    49     2   -0.10381049031045744
    50     2   -0.259685306037482
    3     3   -0.667022382422995
    4     3   -0.3264806250192962
    5     3   0.33144345535202635
    6     3   0.5247405134175744
    7     3   0.017923088843767837
    8     3   0.22975158853676714
    9     3   -0.020202661576048525
    10     3   -0.14140213030284549
    11     3   0.4345329621877031
    12     3   -0.26527329116344006
    13     3   0.02118029062424512
    14     3   -0.1431903935480789
    15     3   -0.05823561522312164
    16     3   0.0037467581148246665
    17     3   0.30054981656932855
    18     3   0.3303525072860972
    19     3   -0.3467300462727434
    20     3   -0.1687797724399338
    21     3   -0.09667347614792018
    22     3   0.5501783522085992
    23     3   0.0011340452309490656
    24     3   -0.5296161353137572
    25     3   0.33486965803772634
    26     3   -0.5481371794234984
    27     3   -0.24503662571585805
    28     3   0.4320402035370374
    29     3   0.3000397497069171
    30     3   -0.209883966931475
    31     3   0.09042980343968238
    32     3   0.2763117970338408
    33     3   0.38557360715873845
    34     3   0.16780254849886014
    35     3   -0.15645613809966658
    36     3   -0.1366599712175313
    37     3   -0.11909048699240758
    38     3   0.35588576175406783
    39     3   -0.07832884251993574
    40     3   0.09262028843792032
    41     3   0.12693631560017285
    42     3   0.19717028366618797
    43     3   -0.25792827137178875
    44     3   0.24854498117345342
    45     3   -0.34038290237469054
    46     3   -0.2191539456526893
    47     3   0.10452588272861982
    48     3   -0.11463475845764122
    49     3   -0.39934882764346147
    50     3   0.21872440705549231
    4     4   1.3642741646405059
    5     4   -0.4792485037155233
    6     4   -0.367474716066516
    7     4   0.20340446874804077
    8     4   -0.13726784729147434
    9     4   -0.25006172013524836
    10     4   0.36888212683220784
    11     4   0.1617378106842121
    12     4   0.4947178976340887
    13     4   0.053869278202196856
    14     4   -0.18199334913294107
    15     4   -0.38884014562723923
    16     4   0.12274016468175569
    17     4   -0.1663687988021427
    18     4   -0.2501145766218699
    19     4   -0.5871168530820771
    20     4   0.1971874639776017
    21     4   0.1941898034549829
    22     4   -0.06251114312099332
    23     4   -0.23762330618057947
    24     4   -0.3027948247402375
    25     4   0.008551576132683793
    26     4   0.16094824300905014
    27     4   0.029088373719577842
    28     4   -0.019410297919727974
    29     4   -0.1862758943928764
    30     4   0.10158368646592758
    31     4   -0.11807086690549545
    32     4   -0.21956417751410334
    33     4   0.015028180716891854
    34     4   -0.42550181755680383
    35     4   0.09973758668130457
    36     4   0.06012941443473738
    37     4   0.2448348614321511
    38     4   0.13072671031423203
    39     4   0.03460040952007212
    40     4   -0.07013214528944539
    41     4   -0.10990871342907135
    42     4   0.18648042282297642
    43     4   -0.7042905871728826
    44     4   -0.21067498813123336
    45     4   0.032510137694516966
    46     4   -0.01584470017317685
    47     4   0.06205349736678356
    48     4   -0.15262570284846844
    49     4   -0.16370241356817408
    50     4   -0.39110490580825497
    5     5   -1.4622720418875237
    6     5   0.2788713091717451
    7     5   0.3859637974734781
    8     5   0.31838000208404504
    9     5   0.30839447199010067
    10     5   -0.6110150472901642
    11     5   0.11709647029574331
    12     5   0.29717430687693475
    13     5   0.06940412558846287
    14     5   0.17387749809128739
    15     5   0.3428868462396236
    16     5   -0.29317567836202596
    17     5   -0.10618597160728932
    18     5   -0.04753261303325024
    19     5   -0.27425174233750527
    20     5   0.16386761534861427
    21     5   -0.02117459818941947
    22     5   -0.27090610390304404
    23     5   -0.3826815185465374
    24     5   0.04962230351871697
    25     5   0.2867464357081122
    26     5   -0.29034956144466895
    27     5   -0.01863103028744817
    28     5   0.3018984857028581
    29     5   -0.045578342000762495
    30     5   0.04122836893850637
    31     5   0.0800408307675675
    32     5   0.023490135974863012
    33     5   0.03728645005020381
    34     5   -0.26856247228463476
    35     5   -0.07375092439359701
    36     5   0.36871679577776884
    37     5   0.2034215079960759
    38     5   0.1472303197547608
    39     5   0.4527250957740079
    40     5   0.05798753595130324
    41     5   0.5056317265632733
    42     5   0.15482440801070457
    43     5   0.17713256028226929
    44     5   -0.10450966683961999
    45     5   0.32825089695365683
    46     5   0.11026221642196096
    47     5   -0.12070767965769559
    48     5   0.521619900021368
    49     5   -0.42105488579747985
    50     5   0.33431271530795126
    6     6   0.6749601473913259
    7     6   -0.7348045057622891
    8     6   -0.009687795259408813
    9     6   -0.10319810930925039
    10     6   0.30172657773520883
    11     6   -0.05910318431877508
    12     6   0.09853930745592132
    13     6   -0.05573563715576449
    14     6   0.12815304063238814
    15     6   -0.03200963814805626
    16     6   -0.1045342158404943
    17     6   -0.00937456907844509
    18     6   -0.5382688829972495
    19     6   0.1111792085733011
    20     6   0.23134998022416975
    21     6   0.007083469232137762
    22     6   -0.6355923224347797
    23     6   -0.10928647492146212
    24     6   -0.28151279771260107
    25     6   -0.053729167043226694
    26     6   0.4014974621811419
    27     6   0.3813071513451346
    28     6   -0.1463102991281857
    29     6   0.0341582060742918
    30     6   -0.5469970540399234
    31     6   -0.010629336534869527
    32     6   0.1252350643467399
    33     6   -0.17606594691572613
    34     6   -0.401340277805891
    35     6   0.2112164122873487
    36     6   0.16900947627961838
    37     6   -0.19856477307737663
    38     6   0.08605527633136029
    39     6   0.13524710270090412
    40     6   0.2442063850085369
    41     6   -0.08427351851553375
    42     6   0.05969765311122193
    43     6   -0.15823431500101703
    44     6   0.040556716994110203
    45     6   0.16826905358549743
    46     6   -0.08304173614340127
    47     6   -0.061813847210759686
    48     6   -0.5393200326113612
    49     6   0.22481750982352933
    50     6   -0.27008251005987655
    7     7   0.6136115069754365
    8     7   0.10768594900342861
    9     7   0.3041326449543592
    10     7   0.28445434399501984
    11     7   -0.11192468548792653
    12     7   -0.01657060234282043
    13     7   -0.34797925857624673
    14     7   -0.0815254758096488
    15     7   -0.3364321331149577
    16     7   0.025264925203462463
    17     7   0.020216522503052947
    18     7   -0.19089964654071043
    19     7   -0.2396436613672995
    20     7   -0.028039559995397617
    21     7   0.2001614535132353
    22     7   0.10362286637169316
    23     7   0.29838405519528266
    24     7   0.23630218446789236
    25     7   -0.5702713697281375
    26     7   -0.4905054030969821
    27     7   0.33457057568209875
    28     7   -0.008592655922710302
    29     7   0.13258502617012807
    30     7   -0.511181154378583
    31     7   -0.0150225792993091
    32     7   -0.19307865093485352
    33     7   -0.12725128280987097
    34     7   0.18338680348458683
    35     7   -0.5946590054516865
    36     7   0.2851518428753285
    37     7   0.54664577939539
    38     7   -0.019416616846033796
    39     7   0.3221038343010216
    40     7   0.23019416495528078
    41     7   0.1531496093496345
    42     7   -0.5507423122301092
    43     7   -0.06497676338632974
    44     7   -0.048757422012328064
    45     7   -0.017150885778239578
    46     7   0.21275663295129563
    47     7   -0.08260788639523858
    48     7   0.09550629181701172
    49     7   -0.2687926332167089
    50     7   0.3757205897744935
    8     8   0.16287890855711357
    9     8   0.25578137933886613
    10     8   -0.009852650665219231
    11     8   0.09356166289269063
    12     8   -0.4818658176044456
    13     8   0.4024187737493983
    14     8   -0.07857315907843446
    15     8   -0.2132197169346387
    16     8   -0.004692633695238008
    17     8   -0.47330230164257503
    18     8   0.4857934503300588
    19     8   0.0042669420122343205
    20     8   -0.1433218309145457
    21     8   -0.12612238379365093
    22     8   -0.23437596645547554
    23     8   -0.10821031211556201
    24     8   0.06281741273570719
    25     8   -0.25719135949946026
    26     8   -0.4470224154410476
    27     8   -0.671108864662967
    28     8   0.07198228346183966
    29     8   0.060849346382983505
    30     8   0.15707745720179533
    31     8   0.11587259288472426
    32     8   -0.2264416489821798
    33     8   0.2560101502864757
    34     8   -0.03335348028184745
    35     8   -0.16408657816686273
    36     8   -0.20984971672910352
    37     8   -0.3642292790303829
    38     8   -0.28426258587197994
    39     8   0.408138705101591
    40     8   0.4992190788064398
    41     8   0.2547947860798073
    42     8   -0.3758683183684954
    43     8   0.4337443166420173
    44     8   0.20862720696306922
    45     8   0.236071672260264
    46     8   0.14250947022141344
    47     8   0.6127624422392356
    48     8   0.10271971978683025
    49     8   -0.29291144772467514
    50     8   -0.07976803770805141
    9     9   1.038497748089237
    10     9   -0.09576646496744512
    11     9   0.17657861394299929
    12     9   -0.2372694600014883
    13     9   -0.08249685703908594
    14     9   0.04352923285362556
    15     9   0.5552230177502093
    16     9   0.36468661237515093
    17     9   0.11375243001037835
    18     9   -0.3461134767503234
    19     9   -0.422772253854053
    20     9   0.329173433088225
    21     9   -0.06657445353064859
    22     9   -0.4048468625124373
    23     9   0.2170920915966871
    24     9   -0.07555634553491264
    25     9   -0.5247056386041664
    26     9   0.059012320664189995
    27     9   0.3725072902544488
    28     9   0.05528805715375461
    29     9   -0.0717706650493951
    30     9   0.05805268073978455
    31     9   -0.20848729177145975
    32     9   -0.5503633849888878
    33     9   -0.043516312885917396
    34     9   -0.26090467541687007
    35     9   0.32890873230446993
    36     9   0.014412390236304879
    37     9   -0.36317418909831023
    38     9   -0.15335131445795136
    39     9   0.03076364082286248
    40     9   -0.3806205876759124
    41     9   -0.190511773016202
    42     9   0.3376672481078003
    43     9   -0.09574376514731783
    44     9   -0.13643535042216362
    45     9   -0.08918512503571856
    46     9   -0.39424023694410515
    47     9   0.30105603596881814
    48     9   -0.22248226044402292
    49     9   -0.10991262502981189
    50     9   -0.527849393406969
    10     10   0.6048577436034022
    11     10   -0.04243456017339857
    12     10   0.1261957440651284
    13     10   -0.5031468532730533
    14     10   0.14533760490606834
    15     10   0.31089702960318744
    16     10   0.06542510522824979
    17     10   -0.4010343014200536
    18     10   -0.2832701819207038
    19     10   -0.08368896584964336
    20     10   -0.12337327287777061
    21     10   -0.45843391754622276
    22     10   -0.014518548607166146
    23     10   -0.18642608332424748
    24     10   -0.3833529228358347
    25     10   -0.3019724815351989
    26     10   -0.011704034462696258
    27     10   0.246935333041635
    28     10   0.1260418936024875
    29     10   -0.065190054829514
    30     10   0.3798044501709883
    31     10   -0.33686803522222253
    32     10   0.13756250303835155
    33     10   0.2575341706936859
    34     10   -0.11771143877257326
    35     10   -0.6932907912702118
    36     10   0.1615994351400761
    37     10   0.01545660458978243
    38     10   -0.48275026864909165
    39     10   0.04237365585064631
    40     10   0.24863646046819873
    41     10   0.17834949664058092
    42     10   -0.2657083926598606
    43     10   0.29196901807128983
    44     10   -0.09137696258895389
    45     10   0.4736594184421066
    46     10   -0.061371197987923454
    47     10   -0.17766816224729234
    48     10   0.7016508468403746
    49     10   0.4381380215992714
    50     10   -0.3246835735594751
    11     11   -0.22476496748165542
    12     11   -0.21003039301480492
    13     11   -0.10141803873120606
    14     11   0.2540936185433484
    15     11   -0.02018098810142302
    16     11   -0.1562279362197661
    17     11   0.27559916999681977
    18     11   0.0840667097349867
    19     11   -0.26846488753993564
    20     11   -0.24224576813163035
    21     11   -0.41816034816184544
    22     11   0.14222454993600514
    23     11   0.0985749560548601
    24     11   -0.18897356647411523
    25     11   -0.4091192610359574
    26     11   -0.14202872000554553
    27     11   -0.011694388845925607
    28     11   0.025460114554498356
    29     11   0.027862282911447156
    30     11   -0.01471158753308005
    31     11   -0.28700402159990046
    32     11   0.21089813011382952
    33     11   0.2727976995675665
    34     11   0.14854751450516696
    35     11   -0.03274325584530946
    36     11   -0.09615254998473535
    37     11   -0.33861831817082066
    38     11   -0.16071050283824334
    39     11   0.1280612433185888
    40     11   0.0022345752950976017
    41     11   -0.11850057902032846
    42     11   0.4686771245276247
    43     11   0.38015844165849466
    44     11   -0.15832059825874
    45     11   0.2627707558511972
    46     11   0.2351921321618984
    47     11   -0.08456038300465363
    48     11   -0.25906965709927754
    49     11   -0.41281379510135185
    50     11   0.6031026744294068
    12     12   0.6372534284468054
    13     12   -0.4788759394644164
    14     12   0.44857336440113066
    15     12   0.788471506155696
    16     12   -0.5619796948802035
    17     12   0.08263062344403618
    18     12   -0.0558600851982361
    19     12   0.06576945594326866
    20     12   -0.12195424817549057
    21     12   0.3623184432316723
    22     12   -0.16625814236046355
    23     12   -0.2844569880158275
    24     12   -0.22461657455634793
    25     12   0.10891605065041429
    26     12   -0.09057503554186101
    27     12   -0.3669449668573833
    28     12   0.0777118739624369
    29     12   0.23779948385519956
    30     12   -0.3373905978375976
    31     12   -0.26588979246376154
    32     12   -0.15461198444637209
    33     12   0.07645814668288542
    34     12   0.08199619345184665
    35     12   -0.5430010406473
    36     12   -0.05651464197274447
    37     12   -0.37168155534490016
    38     12   0.18958193179378158
    39     12   0.0746188768805032
    40     12   0.7697218308964355
    41     12   0.09651145980725231
    42     12   -0.08268902570183304
    43     12   -0.17832199042604116
    44     12   -0.523800305768077
    45     12   -0.19549134647553587
    46     12   -0.19539723679289284
    47     12   0.33098724679044794
    48     12   -0.3053908824606205
    49     12   0.20898175803109695
    50     12   -0.018542944455979815
    13     13   -0.1886570252746999
    14     13   0.22419706442317971
    15     13   0.39537282626216613
    16     13   0.40115254013730417
    17     13   -0.2714807256386031
    18     13   0.11259700597813524
    19     13   0.0458981126105667
    20     13   0.18539416700922223
    21     13   0.20322000632364157
    22     13   0.41575455997381655
    23     13   -0.3253713732420296
    24     13   0.13128302503032976
    25     13   -0.09102903437839162
    26     13   -0.2307768563201028
    27     13   -0.26292325226826285
    28     13   0.0042743337323023906
    29     13   -0.32742812977898067
    30     13   0.4702284044401065
    31     13   0.17843147543306875
    32     13   -0.2327430794998137
    33     13   0.2204214037163695
    34     13   -0.20559665993222392
    35     13   0.07130977037534597
    36     13   -0.04211858771016544
    37     13   0.22900479961068607
    38     13   -0.47170819294263144
    39     13   0.20343452605387896
    40     13   0.4886308956053912
    41     13   -0.49638938387609677
    42     13   -0.3973257138306733
    43     13   0.2659514488672718
    44     13   -0.13600559546694602
    45     13   0.2603300048206356
    46     13   -0.4473168911658749
    47     13   0.5001765363349104
    48     13   0.4872015039744665
    49     13   -0.24787793766637095
    50     13   0.014462559407875334
    14     14   -0.4163339274044081
    15     14   -0.1610124179907103
    16     14   -0.24430315804597288
    17     14   0.1784576306917075
    18     14   0.009635512078965847
    19     14   0.13875664763247733
    20     14   0.20567022502234417
    21     14   0.15290831858946702
    22     14   0.01023632698910142
    23     14   -0.04078696667039293
    24     14   -0.169313350097883
    25     14   0.2993303471637769
    26     14   -0.15212258852500737
    27     14   -0.012151840634371879
    28     14   -0.17963762646092063
    29     14   -0.21985687299223697
    30     14   0.5379646256918766
    31     14   -0.08894235657585847
    32     14   0.2834215548308427
    33     14   0.29009891515801683
    34     14   -0.6490148243122593
    35     14   0.06856460798350317
    36     14   0.15679572551634888
    37     14   -0.026717219890477095
    38     14   -0.30990949017873437
    39     14   -0.08382531115001304
    40     14   0.10410260792254461
    41     14   0.15158685427047047
    42     14   -0.14494469223830403
    43     14   -0.0623623058651287
    44     14   -0.16593582225582193
    45     14   0.1781817515459204
    46     14   0.29976867026517146
    47     14   -0.1529864170347808
    48     14   -0.415196925815721
    49     14   0.14096387141296784
    50     14   0.3018580852122595
    15     15   -0.9572572460794994
    16     15   -0.4213783684970286
    17     15   -0.4178339616756346
    18     15   -0.057019890373914986
    19     15   -0.21352614364077105
    20     15   0.29771590515101826
    21     15   0.10202316416548196
    22     15   -0.057121866481200684
    23     15   0.09656042411083372
    24     15   -0.1751934687483815
    25     15   0.43678083720805055
    26     15   -0.12249710011449576
    27     15   -0.05148015508544653
    28     15   0.06854285938107135
    29     15   0.46110083767455873
    30     15   -0.3388741887762292
    31     15   -0.10974460796883544
    32     15   -0.3472981127636722
    33     15   -0.43042348227422633
    34     15   0.19724268478121199
    35     15   0.15984707708934365
    36     15   0.3684975296263348
    37     15   0.001801761283901318
    38     15   0.15783930136426458
    39     15   0.7324036653134169
    40     15   0.4757112255717482
    41     15   -0.0781753188951774
    42     15   -0.13535865453351614
    43     15   0.28120322817793475
    44     15   0.14533207768314407
    45     15   -0.008363456805579785
    46     15   0.13222891392116162
    47     15   0.30199807717619587
    48     15   -0.027018608330069402
    49     15   -0.2758789297600476
    50     15   -0.0070073642556074955
    16     16   -0.7124541647623738
    17     16   -0.14853838956701937
    18     16   0.02638464049787432
    19     16   0.2886923850410412
    20     16   0.059048374330960315
    21     16   0.0510406099963083
    22     16   -0.19808688378341388
    23     16   -0.27663088123631474
    24     16   0.252610013998359
    25     16   -0.08190913011911502
    26     16   0.08777044199425241
    27     16   0.05508188745128591
    28     16   0.00371259153094311
    29     16   0.014569268971887789
    30     16   0.13520545110193816
    31     16   -0.161917974327467
    32     16   0.17986862427607703
    33     16   0.45173743906643793
    34     16   0.24779809436019493
    35     16   0.001625812087673817
    36     16   0.19535527338458689
    37     16   0.4044898469071192
    38     16   0.3500474874356567
    39     16   0.04456507218744343
    40     16   -0.08724081530724861
    41     16   0.47195354077042906
    42     16   0.17468967107186079
    43     16   -0.19913429350149706
    44     16   0.028137353860417262
    45     16   -0.0621405934211518
    46     16   0.14887933997677652
    47     16   -0.3114634229525674
    48     16   0.07076734373910293
    49     16   -0.14089822639897961
    50     16   0.22425362368640772
    17     17   1.2794054723402164
    18     17   -0.00828132607815732
    19     17   0.10499975120880645
    20     17   0.04609442712007049
    21     17   -0.18290404995222564
    22     17   -0.17280705202252167
    23     17   0.48603850574799656
    24     17   0.3436281486744604
    25     17   0.16120021950924301
    26     17   -0.14778419940102921
    27     17   -0.28057142067757357
    28     17   -0.08772621392443232
    29     17   -0.18941411756313736
    30     17   -0.28772766806858946
    31     17   0.3772256377225818
    32     17   0.1724451700174189
    33     17   0.5153546119645404
    34     17   -0.16558105476978746
    35     17   0.03779735758704625
    36     17   0.10187232671835877
    37     17   0.17730467481225015
    38     17   0.15608391745318712
    39     17   -0.15549097995386368
    40     17   -0.16271173087568774
    41     17   -0.5944597517458343
    42     17   0.06189493927807785
    43     17   -0.13483733183252497
    44     17   0.04222071188431059
    45     17   -0.5197217359962591
    46     17   -0.7161689091120589
    47     17   -0.07482330813822716
    48     17   0.12309034885159953
    49     17   0.0493983508932201
    50     17   -0.10073352003359323
    18     18   -0.13015805341730108
    19     18   -0.14941135115014337
    20     18   0.11129818446059736
    21     18   0.08891275492454098
    22     18   0.6381495388481209
    23     18   -0.39683860912245855
    24     18   -0.09862656028466255
    25     18   0.10734238380153369
    26     18   -0.07366346236827709
    27     18   -0.2868679657411053
    28     18   0.09357843499101412
    29     18   -0.5177943370227444
    30     18   -0.07637617745138467
    31     18   0.02770097940349315
    32     18   -0.3356454147638095
    33     18   0.1589930800503751
    34     18   -0.34233144854067893
    35     18   0.2501061216780217
    36     18   0.2535961552132267
    37     18   -0.04659424611928922
    38     18   -0.40483521210718143
    39     18   -0.2363662273393802
    40     18   0.3482373465721438
    41     18   0.34097887872807797
    42     18   -0.011090034463134793
    43     18   0.31635255317168864
    44     18   0.05442501261142475
    45     18   0.2823622960131328
    46     18   0.18959265582346424
    47     18   0.5808726022666864
    48     18   0.18917806271749496
    49     18   -0.1850238567488371
    50     18   0.25655175925661317
    19     19   0.8589112297403924
    20     19   0.1707598165603907
    21     19   0.19198190427830938
    22     19   0.16007638473410862
    23     19   -0.2001277161610757
    24     19   0.22939090409792245
    25     19   0.0032893621725052224
    26     19   0.022255166294676186
    27     19   -0.05206907010425046
    28     19   0.014329355703288194
    29     19   -0.530356679497245
    30     19   -0.19336624683034248
    31     19   0.034450422337021
    32     19   -0.23214328855874405
    33     19   0.13242211335108212
    34     19   -0.3259187111007536
    35     19   0.003549582419909554
    36     19   0.5882781789634136
    37     19   -0.4714395412531339
    38     19   -0.10230897323809954
    39     19   -0.1400162264688615
    40     19   0.30590263191689915
    41     19   -0.10723080209967296
    42     19   -0.06540238196294942
    43     19   0.2160700458804236
    44     19   -0.30589498943921706
    45     19   -0.18651012997369357
    46     19   0.8966580266499176
    47     19   0.376365992900194
    48     19   -0.352269533191728
    49     19   -0.23781461339386262
    50     19   0.6624034265438195
    20     20   -1.0807183675015475
    21     20   0.21253728203197475
    22     20   0.17503879014295437
    23     20   -0.19158609035517288
    24     20   0.194456639409874
    25     20   -0.315956570009114
    26     20   -0.10722294589587877
    27     20   0.62830152029896
    28     20   -0.1810207811890812
    29     20   -0.2671307812982888
    30     20   0.5698304653016909
    31     20   -0.17000579188259995
    32     20   0.5659818014946614
    33     20   0.02852956741934256
    34     20   -0.07586130137987644
    35     20   0.38949401351853824
    36     20   0.12751759233244736
    37     20   -0.33161957838902406
    38     20   -0.1823936304179337
    39     20   0.16544144428478777
    40     20   0.023439731931285263
    41     20   0.028897800441106708
    42     20   -0.23127995997706965
    43     20   -0.14993930779161269
    44     20   0.11488933337403281
    45     20   -0.004816320469734681
    46     20   0.00021476699707962885
    47     20   0.26502317398399056
    48     20   -0.158165981664693
    49     20   -0.3865568663648796
    50     20   0.10137552073215347
    21     21   -1.0463288856842134
    22     21   0.5139153688297626
    23     21   0.1842766040426859
    24     21   0.10547861529264095
    25     21   -0.0564350924187042
    26     21   -0.04527825921477896
    27     21   -0.14005540205756167
    28     21   -0.5101619372636399
    29     21   -0.147785548965053
    30     21   0.3137006001685251
    31     21   -0.148479029827774
    32     21   0.5011683834429264
    33     21   -0.19069547366428427
    34     21   0.16642739731949938
    35     21   -0.275295277907144
    36     21   0.11265520342187638
    37     21   -0.39841841029193037
    38     21   0.25028568952330355
    39     21   0.15764313089703505
    40     21   0.1232365746583921
    41     21   0.7422897404374464
    42     21   -0.42473983451060726
    43     21   -0.036046197092885306
    44     21   -0.04121154370043439
    45     21   0.6590306732353717
    46     21   0.24582677692485816
    47     21   -0.3443915493439759
    48     21   -0.3324178082062277
    49     21   -0.09045366618213155
    50     21   -0.22384147000992655
    22     22   0.6911512487282336
    23     22   -0.5402504349055206
    24     22   -0.8541019017577459
    25     22   -0.4897018899399909
    26     22   0.233979303873841
    27     22   0.027215877860287868
    28     22   -0.2356541775038271
    29     22   0.5030497976723245
    30     22   -0.2760515773599592
    31     22   0.03377764282076068
    32     22   -0.05982185113541283
    33     22   0.15655263294197908
    34     22   0.14556277749921673
    35     22   -0.234470803096532
    36     22   0.15288695051986234
    37     22   0.06343741407016767
    38     22   -0.05086234296898816
    39     22   -0.35276112838462964
    40     22   0.5445563247772334
    41     22   -0.11865423155801158
    42     22   -0.21948960754648733
    43     22   0.07798160423118725
    44     22   -0.25336339855631607
    45     22   -0.10016498677995407
    46     22   0.036312248163975804
    47     22   0.23533229902512687
    48     22   0.12245745706723368
    49     22   -0.36813564062074633
    50     22   -0.1865884983282427
    23     23   0.7067890229254632
    24     23   0.12194173203934264
    25     23   -0.1190149159287471
    26     23   0.11192390091016141
    27     23   -0.17664075882303087
    28     23   -0.09202506882796356
    29     23   -0.23950754662245108
    30     23   -0.06745714069139325
    31     23   0.19728601999208198
    32     23   -0.09950907955978809
    33     23   -0.2606080350932498
    34     23   0.10515112249046646
    35     23   -0.18485936344945975
    36     23   0.0866573351422622
    37     23   0.1370633701512295
    38     23   0.05607129600862879
    39     23   -0.14927301318832284
    40     23   -0.11282202561531303
    41     23   0.6190401335098688
    42     23   0.01925328196205458
    43     23   0.06131125165614855
    44     23   -0.08287954615833826
    45     23   0.14159858632386563
    46     23   0.06379652854879495
    47     23   0.3939563341465462
    48     23   0.03219541185683413
    49     23   0.2829614771256523
    50     23   0.22196758538447225
    24     24   0.11939417512737444
    25     24   0.08735618127563857
    26     24   0.061233319735212954
    27     24   0.023191723955201277
    28     24   0.49906229938149055
    29     24   0.5121820224319866
    30     24   -0.3073501740704588
    31     24   0.18367409627813486
    32     24   -0.0733556369609647
    33     24   0.2153807774275509
    34     24   0.19662792372171234
    35     24   0.3183821652901675
    36     24   -0.17511567467426972
    37     24   -0.3088828098266066
    38     24   0.31399134800629364
    39     24   -0.06459254213812987
    40     24   0.13884575105663127
    41     24   0.1170166394858572
    42     24   -0.43248615276991037
    43     24   0.11674283851120267
    44     24   -0.004702227050390501
    45     24   -0.12385502883154478
    46     24   0.04020068207098826
    47     24   -0.002585555990337385
    48     24   0.40136510058557984
    49     24   -0.3281076216916568
    50     24   0.008057157272239879
    25     25   1.7833520818081436
    26     25   0.1077105284500963
    27     25   -0.25703651513247744
    28     25   -0.5153032892043413
    29     25   0.0505117088128395
    30     25   -0.7747996505010342
    31     25   -0.27845211765907535
    32     25   0.04155343050596674
    33     25   -0.3004454065577057
    34     25   -0.4428782340337901
    35     25   -0.17756488715482835
    36     25   -0.03397782006694625
    37     25   0.4958652643586011
    38     25   0.18112594194177328
    39     25   -0.23538483207051789
    40     25   -0.10952570786798788
    41     25   0.23937492452440357
    42     25   0.19273249104043083
    43     25   -0.2593253838589311
    44     25   -0.06137373307306532
    45     25   -0.26110552249453467
    46     25   0.15445218847012315
    47     25   0.3023765381734707
    48     25   -0.06200141528245251
    49     25   0.40487372034291175
    50     25   -0.26714186581290794
    26     26   1.233101771324698
    27     26   -0.20693649922491314
    28     26   0.03380953186026786
    29     26   -0.2420020879941736
    30     26   -0.34864975338765747
    31     26   -0.011638275402883994
    32     26   0.08761773680775302
    33     26   -0.5059661171154036
    34     26   0.38125027614663964
    35     26   -0.11206323887737896
    36     26   -0.20209935325499034
    37     26   0.2661322147776921
    38     26   0.3699324444588658
    39     26   -0.014538624837236114
    40     26   -0.5224926400171135
    41     26   -0.20754800701693904
    42     26   -0.20491433454653546
    43     26   0.34643598325977376
    44     26   -0.14656262502716474
    45     26   0.05060389439015381
    46     26   -0.012400918803961658
    47     26   -0.016343895870535044
    48     26   -0.05461101170828891
    49     26   -0.32384815978473735
    50     26   0.1515742623288424
    27     27   1.9264274659306468
    28     27   -0.3523990868200328
    29     27   -0.4971589898304824
    30     27   -0.22051611587259634
    31     27   -0.15602481414635963
    32     27   -0.1469243907394002
    33     27   -0.17186628633080114
    34     27   -0.35118851714261723
    35     27   0.16831501843376195
    36     27   -0.3794510137593824
    37     27   -0.024296285142670737
    38     27   0.3249099768807388
    39     27   -0.43635787951147936
    40     27   0.26686612319346115
    41     27   0.045543166681492636
    42     27   -0.12052614241872422
    43     27   0.09798562554863496
    44     27   -0.71711184524177
    45     27   0.12321691461543793
    46     27   0.056164302100328634
    47     27   -0.15970215336886337
    48     27   0.3245725291487626
    49     27   0.05958644144864562
    50     27   -0.16926439211224054
    28     28   0.31319184348490126
    29     28   -0.25104298277544096
    30     28   -0.11398304321498001
    31     28   -0.27155935894090877
    32     28   0.4673078496717316
    33     28   0.7059816819025985
    34     28   -0.0664316467950702
    35     28   -0.02750986934700425
    36     28   0.18302526570153366
    37     28   0.09476993846216945
    38     28   -0.6815176870421777
    39     28   0.23475173767861182
    40     28   0.19948724761225264
    41     28   0.3986313413308448
    42     28   -0.34779127725771813
    43     28   0.05620381970009519
    44     28   0.43938354640709576
    45     28   -0.7271604003801306
    46     28   0.36603610343248116
    47     28   -0.3213462745484941
    48     28   -0.37364278926579697
    49     28   0.11629870333328768
    50     28   0.17781619403606536
    29     29   0.3238489605831945
    30     29   -0.3094010340740949
    31     29   0.3965772324204807
    32     29   -0.13762919689329808
    33     29   -0.18470592694225246
    34     29   0.2758546451959061
    35     29   -0.08823504024406828
    36     29   0.2674161971320772
    37     29   0.37163536939857134
    38     29   -0.08557105060693455
    39     29   -0.18800739130433572
    40     29   -0.19573363741333377
    41     29   -0.11200822982445846
    42     29   0.18620940442215886
    43     29   0.13008564191734703
    44     29   0.0921047415030597
    45     29   0.4849180023106003
    46     29   -0.029858340287571172
    47     29   0.16617415155917387
    48     29   0.05610712313492207
    49     29   0.037229486448841
    50     29   -0.04220648577488939
    30     30   1.5018686439656408
    31     30   0.10331814990800037
    32     30   0.04325328090053415
    33     30   0.03853062149012296
    34     30   -0.3284025870366648
    35     30   0.052388393121322284
    36     30   0.07502156705936841
    37     30   -0.0682536079131719
    38     30   -0.15772465907585254
    39     30   -0.12743281860309102
    40     30   0.49180660900735995
    41     30   0.4604987076544791
    42     30   -0.6103603821008783
    43     30   -0.18494446069508308
    44     30   -0.07543077410455068
    45     30   -0.3288161144612307
    46     30   -0.013372716942353497
    47     30   0.07585524733335536
    48     30   0.03291687596124153
    49     30   -0.34107676879896326
    50     30   0.4860889038731004
    31     31   0.5428717484231488
    32     31   0.27893450172468814
    33     31   0.4119514906021228
    34     31   0.5349108222869537
    35     31   -0.23405033440973405
    36     31   -0.3976487505717666
    37     31   -0.1088079321046759
    38     31   -0.1652704203830438
    39     31   -0.6477229546148148
    40     31   -0.28881557665757457
    41     31   -0.2939268918156853
    42     31   0.5365373274222497
    43     31   -0.557033437985615
    44     31   -0.015936738824632396
    45     31   0.2749756172929936
    46     31   0.24437250417750941
    47     31   0.2789090466764536
    48     31   -0.2638660404361227
    49     31   -0.07116617628329237
    50     31   0.23283057981928404
    32     32   -0.5523462357891388
    33     32   0.059533616533809355
    34     32   -0.3160427282649751
    35     32   -0.08404645911721363
    36     32   0.025790126698512716
    37     32   -0.23745439145487798
    38     32   0.16914756800887046
    39     32   -0.2609114641169665
    40     32   -0.5425731915000075
    41     32   0.33990412380006096
    42     32   -0.2664751210120536
    43     32   0.42659985323869165
    44     32   -0.012127632642557229
    45     32   0.4423212874147049
    46     32   0.3784721418090763
    47     32   0.07904956631161714
    48     32   0.244239317614055
    49     32   -0.5085698971386619
    50     32   0.20478937115452628
    33     33   0.030506752943140675
    34     33   -1.0162429043582333
    35     33   -0.16444584826651865
    36     33   -0.05057075661775169
    37     33   0.13184550601947453
    38     33   -0.1490693725312289
    39     33   -0.13566953244747829
    40     33   -0.09773253541033025
    41     33   -0.2513475330972804
    42     33   -0.41240121432062327
    43     33   0.006527377446120808
    44     33   0.18008862405709958
    45     33   -0.333894205994226
    46     33   0.02431614416095551
    47     33   -0.3394654213647866
    48     33   -0.036506502961674556
    49     33   0.4388320211357137
    50     33   0.023149158829964434
    34     34   0.9379558767702572
    35     34   0.47880772343994926
    36     34   0.13091238344090386
    37     34   0.28577895513654966
    38     34   0.18830327944194133
    39     34   -0.34041602665527104
    40     34   -0.22451350903741943
    41     34   -0.14097850642631315
    42     34   0.5031426190931152
    43     34   -0.37251820708034844
    44     34   -0.05143183612811636
    45     34   0.3649584015969374
    46     34   -0.08711056937516838
    47     34   0.19240648971592209
    48     34   -0.5428560031020396
    49     34   0.36127880781461935
    50     34   -0.18695406717780533
    35     35   1.0038075848669463
    36     35   -0.1979596409558717
    37     35   0.033606342779704285
    38     35   0.19772103217906778
    39     35   0.382309126645298
    40     35   0.5493823480417823
    41     35   -0.3881817330665075
    42     35   -0.3307931421730143
    43     35   -0.03226055508339949
    44     35   0.057835812895657694
    45     35   -0.478166723672273
    46     35   -0.26863190101690837
    47     35   -0.2127848633650112
    48     35   0.06214950071422495
    49     35   -0.4592500932475452
    50     35   -0.05257089977681152
    36     36   0.21836413737280666
    37     36   -0.13176094650229914
    38     36   -0.0011059876343319647
    39     36   -0.48122199320221126
    40     36   0.1448127004624918
    41     36   -0.13844895783517167
    42     36   0.16712305466003127
    43     36   -0.13839380543614477
    44     36   0.0775706554139744
    45     36   -0.4417644650267817
    46     36   -0.2428844532344827
    47     36   -0.8249470368229972
    48     36   -0.22640735909299223
    49     36   -0.2663113637133793
    50     36   -0.2965740817579125
    37     37   0.7223011715660654
    38     37   -0.14913461709639367
    39     37   -0.05596097341771086
    40     37   -0.07926728973532693
    41     37   0.19755714417877748
    42     37   -0.024262164899096605
    43     37   -0.48677021285615196
    44     37   -0.11944091224655562
    45     37   -0.22803819478488002
    46     37   -0.07645080742782717
    47     37   -0.2480089803297326
    48     37   -0.14616156625664334
    49     37   0.07441764907115664
    50     37   -0.22128159228279248
    38     38   0.36430231546830183
    39     38   0.22041764941105618
    40     38   0.18744509370142165
    41     38   -0.2560446709112422
    42     38   0.030753348024295607
    43     38   0.0969139862813047
    44     38   -0.4631931366312805
    45     38   0.26854975255096
    46     38   -0.269327836934663
    47     38   0.23530030523843945
    48     38   -0.027641395135786534
    49     38   -0.0690054908372851
    50     38   -0.13273183073846367
    39     39   0.5258306952757452
    40     39   0.12533856325842183
    41     39   -0.6243703073551046
    42     39   0.30482320684034253
    43     39   0.2810255163651971
    44     39   -0.00344231562290781
    45     39   0.14871178672732516
    46     39   0.13076345563696515
    47     39   0.13498839842708032
    48     39   -0.19584710954597706
    49     39   -0.536680807756794
    50     39   -0.21199626023173485
    40     40   -1.4769479110965098
    41     40   0.10418781129634017
    42     40   0.0839166590842293
    43     40   -0.026898118717627997
    44     40   0.30249083618062106
    45     40   -0.3859751206308093
    46     40   0.06003758899079986
    47     40   -0.1570737586214234
    48     40   0.415835178447671
    49     40   -0.32620275161342505
    50     40   -0.3649487452243673
    41     41   -0.6699359234273681
    42     41   -0.23418038322498114
    43     41   0.39561942100960806
    44     41   -0.036832118922890955
    45     41   0.27377265101787673
    46     41   -0.03920161566365836
    47     41   0.20465653261550748
    48     41   -0.05766509812321477
    49     41   0.08638927504798632
    50     41   -0.16748314790631616
    42     42   0.723272370227378
    43     42   0.43750084472195927
    44     42   0.2808212537699715
    45     42   0.09463543440605254
    46     42   -0.07666219596380158
    47     42   0.3187590188784279
    48     42   -0.7614164278208548
    49     42   0.007811177706509333
    50     42   0.31118730820442936
    43     43   -0.6386320526939733
    44     43   -0.21585794412555792
    45     43   -0.13345763217513779
    46     43   0.43839377207095165
    47     43   -0.10299075012421802
    48     43   -0.2338205412606384
    49     43   0.3252716300575697
    50     43   0.05711397549973942
    44     44   -0.010651563740727898
    45     44   0.09116879207650919
    46     44   0.3116347541286276
    47     44   0.5301641131039533
    48     44   0.34244633358033405
    49     44   0.20226195508852554
    50     44   0.2227032145230199
    45     45   -0.27267545769960044
    46     45   -0.18661702790342843
    47     45   0.3353119124357736
    48     45   0.08392436544065104
    49     45   -0.26287792828080564
    50     45   -0.01722645067821328
    46     46   -0.129717183346031
    47     46   -0.2280284689381624
    48     46   -0.9520803096439883
    49     46   -0.06515798436247366
    50     46   0.16840100095609561
    47     47   -1.695083936934525
    48     47   -0.20672750592534042
    49     47   -0.01289282955738201
    50     47   0.358858014489209
    48     48   1.5692489450680807
    49     48   0.0366933391991707
    50     48   -0.10004205479048266
    49     49   2.0969223882678665
    50     49   -0.04497966961864974
    50     50   -0.45594287966814623
