%%MatrixMarket matrix coordinate real symmetric
%=================================================================================
%
% This ASCII file represents a sparse MxN matrix with L
% nonzeros in the following Matrix Market format:
%
% +----------------------------------------------+
% |%%MatrixMarket matrix coordinate real general | <--- header line
% |%                                             | <--+
% |% comments                                    |    |-- 0 or more comment lines
% |%                                             | <--+
% |    M  N  L                                   | <--- rows, columns, entries
% |    I1  J1  A(I1, J1)                         | <--+
% |    I2  J2  A(I2, J2)                         |    |
% |    I3  J3  A(I3, J3)                         |    |-- L lines
% |        . . .                                 |    |
% |    IL JL  A(IL, JL)                          | <--+
% +----------------------------------------------+
%
% Indices are 1-based, i.e. A(1,1) is the first element.
%
%=================================================================================
  50  50  1275
    1     1   -3.2831967880128383
    2     1   0.12721588193513142
    3     1   0.22004643185802839
    4     1   0.22101203248447973
    5     1   0.22125069680507597
    6     1   0.17640925665780177
    7     1   0.13365282451145427
    8     1   0.08388939717928812
    9     1   0.1026858563112478
    10     1   0.07431456065418643
    11     1   0.07101153945898221
    12     1   0.0789965809483221
    13     1   0.21106091296055762
    14     1   0.16807795790427776
    15     1   0.20199333371282624
    16     1   0.2061090389624989
    17     1   0.07908735377733968
    18     1   0.1670173996554005
    19     1   0.1630597535443305
    20     1   0.1944794660482617
    21     1   0.023622095096309054
    22     1   -0.011308660854381588
    23     1   0.19745531423220444
    24     1   0.0697961216443309
    25     1   0.12142476543427483
    26     1   0.11644834318030277
    27     1   0.0771938049064838
    28     1   0.09318577245553661
    29     1   0.06310868308852136
    30     1   0.06042749601557088
    31     1   0.12119941334833044
    32     1   0.14536431302671596
    33     1   0.21325748929877925
    34     1   0.1404522103609292
    35     1   0.1322823860009696
    36     1   0.18799538066146934
    37     1   0.2267791189068452
    38     1   0.19067524413632367
    39     1   0.22304262852659826
    40     1   0.1463816197606415
    41     1   0.01384017464539773
    42     1   0.13429971757890866
    43     1   0.06811712528582593
    44     1   0.11379186037864297
    45     1   0.11416438823551082
    46     1   0.19011665668102268
    47     1   0.19585913858173434
    48     1   0.02593356040972231
    49     1   0.07319326345708917
    50     1   0.1969238761755758
    2     2   -3.1806396905210645
    3     2   0.19591052614878265
    4     2   0.11663373702027985
    5     2   0.164265546224189
    6     2   0.035291564096192864
    7     2   0.15623501290551542
    8     2   0.05485023084277179
    9     2   0.15768373750765619
    10     2   0.082428473157437
    11     2   0.11503288673007807
    12     2   0.03983975095745472
    13     2   0.262779293640801
    14     2   0.08990354899862385
    15     2   0.08549148169792621
    16     2   0.07614772950434241
    17     2   -0.048867973544102064
    18     2   0.23393107414871156
    19     2   0.19552230109430369
    20     2   0.14016106086821123
    21     2   0.04791308253044399
    22     2   -0.06378315014256461
    23     2   0.044517633211979823
    24     2   0.11403889771897702
    25     2   0.1816744969585284
    26     2   0.0821394250743745
    27     2   0.10597670560268782
    28     2   0.07369702162248869
    29     2   0.03041366970387779
    30     2   0.20600644785201713
    31     2   0.2260227414678725
    32     2   0.10983777084185484
    33     2   0.22599467370976253
    34     2   0.3072440172691629
    35     2   0.060360967424056035
    36     2   0.17414156396234157
    37     2   0.3003588604263159
    38     2   0.13257880904205363
    39     2   0.23561804728146526
    40     2   0.1060667828859645
    41     2   0.02162119077210758
    42     2   0.15253661757023795
    43     2   0.19908158694347683
    44     2   0.18472121420501844
    45     2   0.1581942637982726
    46     2   0.09140513534689035
    47     2   0.17506606562708574
    48     2   0.07859925428631495
    49     2   0.11982646085287019
    50     2   0.19895326326188723
    3     3   -7.096845717462184
    4     3   0.5702644148715372
    5     3   0.3953294600344101
    6     3   0.38841498326683893
    7     3   0.2865821290656349
    8     3   0.32583850531075875
    9     3   0.25229487436792036
    10     3   0.08489406137374159
    11     3   0.30985432955489495
    12     3   0.35036237447027574
    13     3   0.2746945377129492
    14     3   0.42487152918302856
    15     3   0.42835860334902265
    16     3   0.4178891868259709
    17     3   0.17204422626996213
    18     3   0.3723217907118883
    19     3   0.22928349775427026
    20     3   0.4726967467629975
    21     3   -0.012039205417521657
    22     3   0.16875037199997894
    23     3   0.3717432288952828
    24     3   0.14016129005293965
    25     3   0.24266544275490906
    26     3   0.07634525452913932
    27     3   0.03752950544859182
    28     3   0.4688284495762216
    29     3   0.08413119503029036
    30     3   0.07617263823853207
    31     3   0.24069409135972147
    32     3   0.43507237274882854
    33     3   0.4276067796186963
    34     3   0.22535212777226526
    35     3   0.3504463984637935
    36     3   0.38755843031508513
    37     3   0.31458233614072095
    38     3   0.4221785442744082
    39     3   0.43823011196074857
    40     3   0.2537277793164963
    41     3   0.03247081995176127
    42     3   0.4738435333522483
    43     3   0.22555868215164596
    44     3   0.36399730560906973
    45     3   0.3873630135668819
    46     3   0.3415271646573988
    47     3   0.2753833669342723
    48     3   0.23567761772121087
    49     3   0.18891958421504057
    50     3   0.3472609947927969
    4     4   -8.848091820432648
    5     4   0.4794328483341168
    6     4   0.3880580579455149
    7     4   0.363282612283584
    8     4   0.5394747122860404
    9     4   0.5031170722167319
    10     4   -0.12205077564548307
    11     4   0.2864581649417988
    12     4   0.5294445398213508
    13     4   0.37922330215433275
    14     4   0.7853709327195242
    15     4   0.5708614794007393
    16     4   0.37064978221868805
    17     4   0.6313590089096021
    18     4   0.38305958142965063
    19     4   0.334943356708744
    20     4   0.7933027303519887
    21     4   -0.0206373286956446
    22     4   0.2971527078217932
    23     4   0.4202218746585459
    24     4   0.12096342767412381
    25     4   0.34596318739964205
    26     4   0.27935484467774385
    27     4   0.0067777957989994956
    28     4   0.6351804871260704
    29     4   0.07731629066952735
    30     4   -0.03497905194766127
    31     4   0.3519283060245788
    32     4   0.2228609798518413
    33     4   0.7148440041778916
    34     4   0.10338510733599998
    35     4   0.7269985988682927
    36     4   0.239517221339927
    37     4   0.27787697209306284
    38     4   0.7327659276471887
    39     4   0.40887983279540946
    40     4   0.30864435886300984
    41     4   0.14575811987359438
    42     4   0.561024798124966
    43     4   0.24196392896288693
    44     4   0.35719190754914537
    45     4   0.47079531616217546
    46     4   0.5285137060562954
    47     4   0.24582940530408806
    48     4   0.18170642469408646
    49     4   0.20483683377832346
    50     4   0.4196500657261732
    5     5   -6.0933179535926785
    6     5   0.3385062797206985
    7     5   0.2969110145305945
    8     5   0.20964005471017133
    9     5   0.1958380969733814
    10     5   0.06833934711017724
    11     5   0.1711811303872411
    12     5   0.25101866188556715
    13     5   0.3063751179282156
    14     5   0.4087148416941151
    15     5   0.36722087542131554
    16     5   0.3521315913092108
    17     5   0.22699706373257741
    18     5   0.2726739660096113
    19     5   0.26779697477274284
    20     5   0.3969578158228195
    21     5   0.027893267656927515
    22     5   0.11342085300340715
    23     5   0.3436232705373809
    24     5   0.07299502947797692
    25     5   0.20294094267712479
    26     5   0.16903640898716532
    27     5   0.08184658175043376
    28     5   0.3259022652868258
    29     5   0.10022756983455572
    30     5   0.01118880695428596
    31     5   0.19194113047156294
    32     5   0.2914934360415042
    33     5   0.4308820811769089
    34     5   0.21972134157074533
    35     5   0.3325121072158225
    36     5   0.27686260517461747
    37     5   0.3237112355098734
    38     5   0.39543371104968367
    39     5   0.38432296488016016
    40     5   0.20614957149029922
    41     5   0.09573772129394187
    42     5   0.32069856711825806
    43     5   0.20007181462132156
    44     5   0.2465103498003938
    45     5   0.2648960325774664
    46     5   0.34496212468456044
    47     5   0.2580170380897707
    48     5   0.0874093031261943
    49     5   0.1682279871952713
    50     5   0.30741840452468483
    6     6   -5.194368482585425
    7     6   0.32471185831648947
    8     6   0.14704050107901234
    9     6   0.00036045886226147573
    10     6   0.12117758151532539
    11     6   0.1955451930178098
    12     6   0.2914575163190539
    13     6   0.13023931311836498
    14     6   0.3754629988357715
    15     6   0.3635784035613452
    16     6   0.45731532948366793
    17     6   0.13419911240136712
    18     6   0.17981802397154698
    19     6   0.16551807424012643
    20     6   0.2835660032519986
    21     6   0.008862044615654176
    22     6   0.23103054372729673
    23     6   0.41509652231399957
    24     6   -0.022501467432905913
    25     6   0.0751882573979469
    26     6   0.03034947061299203
    27     6   0.023999943777179775
    28     6   0.4220228405359237
    29     6   0.11982033070520848
    30     6   -0.15189245118977393
    31     6   0.011922456101602853
    32     6   0.48959194674950895
    33     6   0.31497415266009404
    34     6   0.16139264756489816
    35     6   0.2629672338539406
    36     6   0.3023307004720476
    37     6   0.21232991946167976
    38     6   0.3091529684017032
    39     6   0.387688195088764
    40     6   0.12371237450028721
    41     6   0.12530579167989706
    42     6   0.33959959396336103
    43     6   0.209557065455251
    44     6   0.24871440721669344
    45     6   0.2462593958166284
    46     6   0.31002024414498797
    47     6   0.18215204952045716
    48     6   0.11587439914011691
    49     6   0.1802891757682212
    50     6   0.20625570288600045
    7     7   -5.505071360024534
    8     7   0.11090984414153682
    9     7   0.08586427705653848
    10     7   0.0541960022550156
    11     7   0.17785570349915034
    12     7   0.29119030159083975
    13     7   0.22578046285309758
    14     7   0.4447554935949786
    15     7   0.24667967398648238
    16     7   0.27738197928879677
    17     7   0.18056680929107122
    18     7   0.1940093925029762
    19     7   0.2703878537617685
    20     7   0.284561541179325
    21     7   0.06424353211807363
    22     7   0.24304968987779987
    23     7   0.2569320284743349
    24     7   -0.05462045722767825
    25     7   0.14394493926861576
    26     7   0.09330573272829763
    27     7   0.06482082761286705
    28     7   0.448439131417918
    29     7   0.09885735277079531
    30     7   -0.11361978451962708
    31     7   0.11812640250400984
    32     7   0.3551861149354253
    33     7   0.46167638396141186
    34     7   0.3435164155044839
    35     7   0.32240986038223535
    36     7   0.1686601184344094
    37     7   0.28984484482347384
    38     7   0.3490798572124389
    39     7   0.39324391690073546
    40     7   0.03407918836327335
    41     7   0.2630290864202752
    42     7   0.33821095362285797
    43     7   0.42163978753779363
    44     7   0.29196858183146146
    45     7   0.2803677301906757
    46     7   0.27139392284831676
    47     7   0.1119320453620119
    48     7   0.08293065485749943
    49     7   0.2662438894119605
    50     7   0.1957351858080729
    8     8   -4.4741736865738595
    9     8   0.32411523050568586
    10     8   -0.0975081628283492
    11     8   0.1938230951511017
    12     8   0.2978167494077296
    13     8   0.15847540178319253
    14     8   0.378262345664256
    15     8   0.2899161647783612
    16     8   0.1498486384758534
    17     8   0.3195165572135749
    18     8   0.2272390563227944
    19     8   0.12074984080416824
    20     8   0.4435627189706762
    21     8   -0.043876857157054305
    22     8   0.1520996761350146
    23     8   0.17101553036036649
    24     8   0.11366702676454767
    25     8   0.19841538154374574
    26     8   0.10305273839242145
    27     8   -0.03539644826296147
    28     8   0.34710304173642265
    29     8   0.00624023424143371
    30     8   0.041432494976713675
    31     8   0.21881369565089956
    32     8   0.08750161685141793
    33     8   0.32742733293816556
    34     8   -0.008128109923377513
    35     8   0.37629832366681315
    36     8   0.12716510368760373
    37     8   0.08588454629639398
    38     8   0.36995437878502707
    39     8   0.1623034845477417
    40     8   0.1834953401976652
    41     8   0.008478281128515624
    42     8   0.3277429439668994
    43     8   0.07781066531498433
    44     8   0.20261245374879763
    45     8   0.27779101298940206
    46     8   0.2365194673668229
    47     8   0.10744684680382531
    48     8   0.159578508498244
    49     8   0.07476623905226032
    50     8   0.21367154105034217
    9     9   -4.246788862146069
    10     9   -0.12564100438353293
    11     9   0.1269505137578539
    12     9   0.20381803598088422
    13     9   0.2827451609404291
    14     9   0.342288539112514
    15     9   0.22599818766430463
    16     9   0.02206278887704918
    17     9   0.3413914676528646
    18     9   0.2536943644706854
    19     9   0.1953964724826009
    20     9   0.4457035405405011
    21     9   -0.011066829981772863
    22     9   0.028683325977612244
    23     9   0.07020732139445446
    24     9   0.15881319112039535
    25     9   0.2664725476878399
    26     9   0.207751581137918
    27     9   0.026153802725784398
    28     9   0.20041595570092366
    29     9   -0.009066405279662012
    30     9   0.15980881686674062
    31     9   0.3264376014826501
    32     9   -0.10329195568866645
    33     9   0.3759571808405067
    34     9   0.06120839853129268
    35     9   0.3664389326418299
    36     9   0.06587332889928528
    37     9   0.1709274706184015
    38     9   0.37321961245675234
    39     9   0.13149043438751498
    40     9   0.20303258489842155
    41     9   0.0039601273767533845
    42     9   0.2418173745442509
    43     9   0.07772599355303235
    44     9   0.160500938967454
    45     9   0.23597412818230099
    46     9   0.22001040703012595
    47     9   0.14245960762424603
    48     9   0.09239620591007569
    49     9   0.06063235520603848
    50     9   0.25226601858205955
    10     10   -0.47337660959163874
    11     10   0.03903376694507553
    12     10   -0.049812267209820266
    13     10   0.029989543925628435
    14     10   -0.0961658748056007
    15     10   0.02510202432056504
    16     10   0.14999422132415333
    17     10   -0.20597257644125105
    18     10   0.05214998769330663
    19     10   0.02351097498892967
    20     10   -0.09499939400175253
    21     10   0.022003703251423447
    22     10   -0.047592729052525595
    23     10   0.09318672805516263
    24     10   0.012555596528438791
    25     10   -0.019263311887329368
    26     10   -0.058570946182914176
    27     10   0.05322869356104112
    28     10   -0.02425044315758185
    29     10   0.045834534199088374
    30     10   0.04121978785230119
    31     10   -0.03643322777923872
    32     10   0.21771951590469737
    33     10   -0.04711491507347753
    34     10   0.1388629853022818
    35     10   -0.13571089687914353
    36     10   0.16679801127552085
    37     10   0.1250722144425289
    38     10   -0.07529591943056668
    39     10   0.13679805456917166
    40     10   0.020674017253178755
    41     10   -0.024545107546077735
    42     10   0.01590261708740305
    43     10   0.043729410111062926
    44     10   0.055961866531634714
    45     10   0.002702410168987835
    46     10   0.0009913967077705749
    47     10   0.09982743554619625
    48     10   0.02773306892421937
    49     10   0.039871146148391434
    50     10   0.04187703280387953
    11     11   -3.8293635169258167
    12     11   0.23744101390468897
    13     11   0.08864562788461117
    14     11   0.22296259758713766
    15     11   0.19277384490330093
    16     11   0.198687102922157
    17     11   0.03650060630175916
    18     11   0.21206864058652589
    19     11   0.08875478083452958
    20     11   0.2342773219123548
    21     11   -0.016770341456635744
    22     11   0.1529919338497295
    23     11   0.1521077204796409
    24     11   0.06717953199420718
    25     11   0.12451850239424125
    26     11   -0.04121484745910903
    27     11   -0.013898310926715327
    28     11   0.3457105847810554
    29     11   0.02622930182166313
    30     11   0.041334252424138074
    31     11   0.1276291046232218
    32     11   0.29928642732474303
    33     11   0.2147672846299605
    34     11   0.15455051504433995
    35     11   0.17589286099390194
    36     11   0.20610768936518306
    37     11   0.13283050603076219
    38     11   0.2017562244901424
    39     11   0.23778480154502712
    40     11   0.09007375328342947
    41     11   0.03389437217967255
    42     11   0.320952617226948
    43     11   0.19953469283143496
    44     11   0.2582975741340298
    45     11   0.2634403427597015
    46     11   0.1310908238812088
    47     11   0.08883557142642871
    48     11   0.19912704859872615
    49     11   0.13461790230747026
    50     11   0.15121073299203439
    12     12   -5.2814943843838655
    13     12   0.12040227615059584
    14     12   0.47502351736362974
    15     12   0.3078302220535252
    16     12   0.25103189401113674
    17     12   0.29464806943328503
    18     12   0.20323045909386112
    19     12   0.15281297284097373
    20     12   0.40999498267873913
    21     12   -0.01682125189784771
    22     12   0.29356434128289766
    23     12   0.24721393463429855
    24     12   0.010095217895978184
    25     12   0.1526455688677304
    26     12   0.047887872875037485
    27     12   -0.03798523828805448
    28     12   0.5197807713491155
    29     12   0.0467759635941534
    30     12   -0.10265519917574338
    31     12   0.1356697328724391
    32     12   0.289673452418137
    33     12   0.39834364194683214
    34     12   0.1064952242477191
    35     12   0.4069660439332887
    36     12   0.15087357365930895
    37     12   0.11468558056574855
    38     12   0.3941340989534784
    39     12   0.27420532859457986
    40     12   0.09786599708595654
    41     12   0.1463964886732612
    42     12   0.4085604628741535
    43     12   0.2596289091384417
    44     12   0.2822441470972803
    45     12   0.32938365609409226
    46     12   0.26760099991128733
    47     12   0.06537297596340841
    48     12   0.17488578131926905
    49     12   0.17990341651503033
    50     12   0.18304962406435926
    13     13   -5.100561250044614
    14     13   0.31050858256977376
    15     13   0.2491937316782908
    16     13   0.16544351631648233
    17     13   0.21018092870263208
    18     13   0.2766637556955763
    19     13   0.3098185667837451
    20     13   0.35079159268373195
    21     13   0.056565752147839675
    22     13   -0.03619526859488496
    23     13   0.18347969338303624
    24     13   0.12210064873238635
    25     13   0.2560845716341655
    26     13   0.2513271865136933
    27     13   0.13500561295112445
    28     13   0.13075877562001545
    29     13   0.06676411007610283
    30     13   0.15264863394753117
    31     13   0.29269858077361055
    32     13   0.05302163101442922
    33     13   0.42378143471573465
    34     13   0.2699676827348536
    35     13   0.2746173867844477
    36     13   0.18253820673242313
    37     13   0.37411181413502287
    38     13   0.3449952905629013
    39     13   0.30238308898151667
    40     13   0.20430019025729187
    41     13   0.06937895232905743
    42     13   0.19671923794760976
    43     13   0.17615928548268733
    44     13   0.17905049608514387
    45     13   0.1951243686594899
    46     13   0.2758944998690735
    47     13   0.2633695049664437
    48     13   0.017593677124271394
    49     13   0.13155757485839778
    50     13   0.3123082541808032
    14     14   -7.656228968153245
    15     14   0.44929579036279454
    16     14   0.3193625573701571
    17     14   0.5470598244743375
    18     14   0.27150022159141285
    19     14   0.32620341113155854
    20     14   0.6224568706977514
    21     14   0.019879585556274084
    22     14   0.3349588179137447
    23     14   0.3619425052543694
    24     14   0.003647884668097627
    25     14   0.25690945298291334
    26     14   0.23499909544407493
    27     14   0.018614983722804665
    28     14   0.6130395093972313
    29     14   0.09000782482888062
    30     14   -0.1447166487741114
    31     14   0.24063907834444537
    32     14   0.24598177394918788
    33     14   0.6711129846235753
    34     14   0.18117426002664577
    35     14   0.6407056406224065
    36     14   0.1497610391735607
    37     14   0.2557303798548941
    38     14   0.6306157737648659
    39     14   0.39204184701223954
    40     14   0.16804796686698162
    41     14   0.258276557909911
    42     14   0.4772815659299549
    43     14   0.3495623900261788
    44     14   0.32094652671848617
    45     14   0.3973755971381098
    46     14   0.45579412094617305
    47     14   0.1513254871529997
    48     14   0.11203924662279235
    49     14   0.24750677522458603
    50     14   0.31134022735417466
    15     15   -6.068503052170541
    16     15   0.37281024161887816
    17     15   0.3002487035013744
    18     15   0.26177171272357397
    19     15   0.21655582866338588
    20     15   0.45899500844800484
    21     15   -0.007877788671298541
    22     15   0.16072845372459899
    23     15   0.373903217593138
    24     15   0.0809926990369158
    25     15   0.19204291873717708
    26     15   0.151960901538781
    27     15   0.03240220234521255
    28     15   0.37964853986881897
    29     15   0.0878600433212142
    30     15   -0.026563807141952438
    31     15   0.17315149228068266
    32     15   0.28824905387535726
    33     15   0.41224844282608597
    34     15   0.10077156451023883
    35     15   0.38822686489305114
    36     15   0.27151829057664073
    37     15   0.23854255042404945
    38     15   0.4302516125174409
    39     15   0.34245392088705556
    40     15   0.23093225963007055
    41     15   0.06130672501691746
    42     15   0.3564292590996408
    43     15   0.12833819259657106
    44     15   0.2380415185367875
    45     15   0.28405638068727884
    46     15   0.365331460995845
    47     15   0.23615796419976437
    48     15   0.11795565068725748
    49     15   0.13481837836274096
    50     15   0.29845182953898347
    16     16   -5.245954988676022
    17     16   0.08687201726325863
    18     16   0.21754577902917413
    19     16   0.16835628514036816
    20     16   0.2822248801781507
    21     16   0.0052081480463494435
    22     16   0.16279956012425004
    23     16   0.41779147986362525
    24     16   0.028249241564069796
    25     16   0.09750099085608853
    26     16   0.03846436531959132
    27     16   0.04323858582167229
    28     16   0.35747014883000944
    29     16   0.11851086183990935
    30     16   -0.07512411175524741
    31     16   0.04571315506531804
    32     16   0.4814444200214702
    33     16   0.28690190810400845
    34     16   0.16773301431232832
    35     16   0.2200253307080049
    36     16   0.3515486016744697
    37     16   0.2495847241720234
    38     16   0.2889865749380667
    39     16   0.3957229228374709
    40     16   0.17072200242213403
    41     16   0.06439738350236915
    42     16   0.32522302127931135
    43     16   0.15963776236235158
    44     16   0.24506865379214807
    45     16   0.23839735053379593
    46     16   0.30559810172264557
    47     16   0.23614559703110957
    48     16   0.12498078216226681
    49     16   0.15650681182070025
    50     16   0.24159802825973853
    17     17   -4.074648991092801
    18     17   0.10294165113994411
    19     17   0.20005002238218864
    20     17   0.5009621585517483
    21     17   -0.006228685104936586
    22     17   0.19038071933246228
    23     17   0.19006046339543872
    24     17   0.0032764706232548987
    25     17   0.17832564173567456
    26     17   0.279085104477147
    27     17   -0.013356542712052992
    28     17   0.30626223763995397
    29     17   0.028880112570995
    30     17   -0.13184521281928166
    31     17   0.17870910135924906
    32     17   -0.12236077252273149
    33     17   0.4608318057473473
    34     17   -0.08168564816396819
    35     17   0.5387881538335892
    36     17   -0.06072987310759297
    37     17   0.05843790430981275
    38     17   0.4859371810531075
    39     17   0.09893485867616249
    40     17   0.13904969154433508
    41     17   0.15137090384211158
    42     17   0.21333924676308386
    43     17   0.0705036350227569
    44     17   0.07516209626781298
    45     17   0.18502809932794992
    46     17   0.3348969560797987
    47     17   0.05817695787687318
    48     17   -0.025777582998846544
    49     17   0.0696172285551042
    50     17   0.18644269856745896
    18     18   -5.207960360516308
    19     18   0.20961902938301447
    20     18   0.3423065648568118
    21     18   0.009203132694432513
    22     18   0.04576197988882582
    23     18   0.18967460823562884
    24     18   0.1460853046253574
    25     18   0.23083902600138753
    26     18   0.09684344599838499
    27     18   0.063166374583229
    28     18   0.26701543223335156
    29     18   0.04486494283058073
    30     18   0.16052237304047876
    31     18   0.2612555115933063
    32     18   0.22030489064077358
    33     18   0.33696221302078555
    34     18   0.2342961072980446
    35     18   0.2340401297367987
    36     18   0.2615644563014407
    37     18   0.29105220268631216
    38     18   0.29878109186478213
    39     18   0.3105899969115305
    40     18   0.19633767897448662
    41     18   0.010919678979530343
    42     18   0.31609550153443045
    43     18   0.18729280480713756
    44     18   0.2672093156769721
    45     18   0.2794100574454555
    46     18   0.21987405824583803
    47     18   0.2216340669661201
    48     18   0.16111123243925732
    49     18   0.13870462690478758
    50     18   0.2809460278567024
    19     19   -4.629342397948435
    20     19   0.2936983707799833
    21     19   0.056829531183438996
    22     19   0.049715197672791006
    23     19   0.18067325647873375
    24     19   0.04713373755594701
    25     19   0.1931697852911489
    26     19   0.19316912379481305
    27     19   0.10249237232695281
    28     19   0.2006589010360833
    29     19   0.06968838919934782
    30     19   0.04524627174908294
    31     19   0.2067480850470738
    32     19   0.11161634004597298
    33     19   0.39795064814676795
    34     19   0.257184194731879
    35     19   0.26917626764730523
    36     19   0.1381798971490015
    37     19   0.3058455201429862
    38     19   0.31476514205510864
    39     19   0.28709163573237456
    40     19   0.12577914161891351
    41     19   0.13118938070942407
    42     19   0.20235143916097262
    43     19   0.22861124839891758
    44     19   0.1791860587207505
    45     19   0.18784050726771398
    46     19   0.2490107910883616
    47     19   0.18386837807824738
    48     19   0.016623385123095344
    49     19   0.1554266528561898
    50     19   0.23942514779574312
    20     20   -7.4365938275026755
    21     20   -0.011575234418400618
    22     20   0.2012669927744728
    23     20   0.3224976630549032
    24     20   0.12909769322179693
    25     20   0.3113754384240834
    26     20   0.24742732385823768
    27     20   0.023779419669770357
    28     20   0.4839148012578414
    29     20   0.058717753972859256
    30     20   0.02806045213650277
    31     20   0.3301451428542784
    32     20   0.1521437842555518
    33     20   0.593920818831129
    34     20   0.1135266623458386
    35     20   0.5827722940709069
    36     20   0.20665453500304165
    37     20   0.2634027993582202
    38     20   0.5986562505805769
    39     20   0.3401448644563571
    40     20   0.27269784208815806
    41     20   0.10018776252714576
    42     20   0.4518327364433406
    43     20   0.19614586089453348
    44     20   0.2968341665000444
    45     20   0.38762021473625397
    46     20   0.4273480810995571
    47     20   0.22674386625251258
    48     20   0.14985196998494052
    49     20   0.16458858637494841
    50     20   0.3677071318136448
    21     21   -0.36190417786934825
    22     21   -0.012029967745559438
    23     21   0.005670637438784991
    24     21   -0.016686964987810894
    25     21   0.01457520887697162
    26     21   0.03500142413925371
    27     21   0.037451059383785915
    28     21   -0.009906765896826236
    29     21   0.017428183635743916
    30     21   0.00032483661238840887
    31     21   0.015266820554522107
    32     21   0.0073949354328272186
    33     21   0.05343774332954345
    34     21   0.08546116626131513
    35     21   0.0022910998975822342
    36     21   0.0013168569982530993
    37     21   0.07029101753039264
    38     21   0.01385130095245046
    39     21   0.04718725969153451
    40     21   -0.012460578941509367
    41     21   0.04809793870532806
    42     21   -0.010853991931396594
    43     21   0.06506714029814333
    44     21   0.01109668196414012
    45     21   -0.002944852434119016
    46     21   0.018053714064051107
    47     21   0.021054130429866796
    48     21   -0.03128356035865751
    49     21   0.035359153527410696
    50     21   0.01896637621423219
    22     22   -2.7293220459572103
    23     22   0.1559158773258209
    24     22   -0.08816763838896223
    25     22   0.021043619656302377
    26     22   -0.03854821376364153
    27     22   -0.06825414159924911
    28     22   0.42815328093053034
    29     22   0.03259278802269195
    30     22   -0.20497739913632476
    31     22   -0.018682021376648397
    32     22   0.2534412729878983
    33     22   0.22954355190712225
    34     22   0.045064216360819066
    35     22   0.2657857183000271
    36     22   0.03606300545035935
    37     22   -0.01704556756888506
    38     22   0.22359031602882526
    39     22   0.15371982357518907
    40     22   -0.03453647229596752
    41     22   0.17364472238746761
    42     22   0.27296740395535546
    43     22   0.23125789580495804
    44     22   0.1810989634951936
    45     22   0.2053188018557636
    46     22   0.14236285425512263
    47     22   -0.060778674711842604
    48     22   0.11121508011493017
    49     22   0.14485608174479458
    50     22   0.026553557880010594
    23     23   -5.081411901715601
    24     23   0.020867420910378468
    25     23   0.10715520983130812
    26     23   0.09962036646593181
    27     23   0.04125232206295601
    28     23   0.3268474762372353
    29     23   0.11068432550684229
    30     23   -0.09522992798153097
    31     23   0.059962189663629595
    32     23   0.36851614626765467
    33     23   0.3183572264082059
    34     23   0.11170939615803867
    35     23   0.2780217598871697
    36     23   0.2829200030016122
    37     23   0.2230771200818696
    38     23   0.3289713678847599
    39     23   0.34574224774385054
    40     23   0.1758783079467791
    41     23   0.07736367848699065
    42     23   0.2877540371776644
    43     23   0.12162374693825977
    44     23   0.19717410455458015
    45     23   0.2121091619370922
    46     23   0.327510384765666
    47     23   0.22057025922676304
    48     23   0.07763740554274555
    49     23   0.13286510679713032
    50     23   0.2389324506564875
    24     24   -1.3699440724244523
    25     24   0.11425230959323888
    26     24   0.047022013282103606
    27     24   0.027122643677995627
    28     24   -0.019318801898692443
    29     24   -0.009963325959362388
    30     24   0.17849764351655484
    31     24   0.15140576725602087
    32     24   -0.015721641123557763
    33     24   0.05380534605631848
    34     24   0.028890920411859998
    35     24   0.031980905681430014
    36     24   0.1125300521100713
    37     24   0.09962521660312774
    38     24   0.0701274102266598
    39     24   0.054754653958447815
    40     24   0.13387612247452424
    41     24   -0.10657639555398485
    42     24   0.0721363796731215
    43     24   -0.04942837960122596
    44     24   0.06122726264589714
    45     24   0.07554439586749306
    46     24   0.04573960674830797
    47     24   0.12154139282206
    48     24   0.07018163528662266
    49     24   -0.01666534269264001
    50     24   0.12756045001374963
    25     25   -4.023324098995709
    26     25   0.14396726880894284
    27     25   0.056273378097317375
    28     25   0.17842190676604106
    29     25   0.023463978786251283
    30     25   0.12933035110514982
    31     25   0.24474368032635865
    32     25   0.04563771289432203
    33     25   0.3145784916253131
    34     25   0.16102541450084548
    35     25   0.24323805670082105
    36     25   0.1304277288844604
    37     25   0.22238420280439763
    38     25   0.27795524635634244
    39     25   0.200296699625675
    40     25   0.15522989411506888
    41     25   0.030302365693814268
    42     25   0.21530697835825408
    43     25   0.13699791202903527
    44     25   0.17456929196623447
    45     25   0.20311185864606732
    46     25   0.1871853450370062
    47     25   0.1582930040661307
    48     25   0.08260485571281684
    49     25   0.09670255213956734
    50     25   0.22473512882745564
    26     26   -2.4440270280247116
    27     26   0.07889969595238387
    28     26   0.005073790252658579
    29     26   0.03525418386675815
    30     26   0.03475183664753316
    31     26   0.16344703227021765
    32     26   -0.13825215147566275
    33     26   0.2764594104993473
    34     26   0.051999232683518304
    35     26   0.23527275772824233
    36     26   0.0023048431993685546
    37     26   0.1709364486884084
    38     26   0.2503669782872728
    39     26   0.09511874491306552
    40     26   0.1264665604756988
    41     26   0.05849889196283209
    42     26   0.031574554130142485
    43     26   0.01837533249905557
    44     26   0.006652062533263475
    45     26   0.047204181293049284
    46     26   0.20088930685767242
    47     26   0.13534170543587173
    48     26   -0.08471958697680865
    49     26   0.029508463258592833
    50     26   0.17040449663625784
    27     27   -1.011687993017196
    28     27   -0.048947188794009534
    29     27   0.030728139850952498
    30     27   0.06342406188177505
    31     27   0.06589502019614171
    32     27   0.011647769065245159
    33     27   0.08672893977293064
    34     27   0.12595838740446014
    35     27   0.0024714286324756963
    36     27   0.060159895977380494
    37     27   0.14969737601583818
    38     27   0.04102852097042106
    39     27   0.0954929834166927
    40     27   0.045218194731059695
    41     27   0.019215707837550784
    42     27   -0.007221882593811612
    43     27   0.04926833624388758
    44     27   0.02281092807048019
    45     27   0.005530594217907679
    46     27   0.055647561461281116
    47     27   0.09761639544732313
    48     27   -0.03548980424895024
    49     27   0.03517398774129797
    50     27   0.08298500274582116
    28     28   -6.932712433485185
    29     28   0.07170699311439445
    30     28   -0.16083762431253987
    31     28   0.14648002055511908
    32     28   0.4869880248663243
    33     28   0.5190086876103802
    34     28   0.21951070221249558
    35     28   0.49644615075119086
    36     28   0.22339771380502954
    37     28   0.1696108154412373
    38     28   0.4844989314066492
    39     28   0.40889160450595996
    40     28   0.08081104254937818
    41     28   0.2346480510478566
    42     28   0.5703200779330774
    43     28   0.4328863486300461
    44     28   0.41897341532673393
    45     28   0.45660527567095416
    46     28   0.3262413176454194
    47     28   0.0642209203494403
    48     28   0.25795409038657896
    49     28   0.2842208893100675
    50     28   0.21773349625341457
    29     29   -1.4020923981030389
    30     29   -0.03241906482907922
    31     29   0.007720943092693746
    32     29   0.11187432908177179
    33     29   0.09483658652926964
    34     29   0.07301285201875476
    35     29   0.05648364480988682
    36     29   0.07776800847224836
    37     29   0.0913439911275249
    38     29   0.07735377333106562
    39     29   0.1142490194807478
    40     29   0.033015599079920785
    41     29   0.0443742646764192
    42     29   0.06002635783256
    43     29   0.06169775008268137
    44     29   0.051395250045660534
    45     29   0.043749009907174924
    46     29   0.0885204446939469
    47     29   0.06694148428217203
    48     29   -6.68026683371155e-05
    49     29   0.05127660083072935
    50     29   0.06395272848465038
    30     30   -0.3373922493949484
    31     30   0.19706854269175433
    32     30   -0.09439653552984904
    33     30   -0.01822376818790798
    34     30   0.10164684373607508
    35     30   -0.09588443954808044
    36     30   0.10121845479345036
    37     30   0.1424477058236412
    38     30   -0.035950483018412874
    39     30   0.01941728708779953
    40     30   0.12024524554025039
    41     30   -0.15404015506151128
    42     30   -0.005109189550786197
    43     30   -0.05359600327976961
    44     30   0.04044640705368645
    45     30   0.0301760836472581
    46     30   -0.048324129380809204
    47     30   0.13078887719935708
    48     30   0.06078837817404113
    49     30   -0.03599526635188136
    50     30   0.11652372471716808
    31     31   -4.0194017369505435
    32     31   -0.015960802051679976
    33     31   0.32600872536040293
    34     31   0.1776501541130879
    35     31   0.24321862057501384
    36     31   0.12073977168916185
    37     31   0.24229284714485272
    38     31   0.2817980053623916
    39     31   0.18528522736442932
    40     31   0.17313830759035118
    41     31   0.007507115403902486
    42     31   0.2116940180523767
    43     31   0.13342995404069466
    44     31   0.17915080528677416
    45     31   0.2119993061366346
    46     31   0.17195128873847634
    47     31   0.1687258133656242
    48     31   0.09099288420528084
    49     31   0.0886818852681461
    50     31   0.24417995557974015
    32     32   -4.8539294001264235
    33     32   0.21648605634546556
    34     32   0.2929156702976309
    35     32   0.10851362380960058
    36     32   0.39591426374795846
    37     32   0.23003600525158938
    38     32   0.17827672617282775
    39     32   0.4486842371853553
    40     32   0.06362282538072003
    41     32   0.10748807839665706
    42     32   0.4095595985076137
    43     32   0.3246310149139665
    44     32   0.35372227059869554
    45     32   0.30098532279278145
    46     32   0.1977373227358849
    47     32   0.1550833270879399
    48     32   0.23254613801996307
    49     32   0.23395494204112216
    50     32   0.1658352042657613
    33     33   -8.025473969359979
    34     33   0.31946223685267755
    35     33   0.5785549096227375
    36     33   0.18938250030633966
    37     33   0.3863379778105505
    38     33   0.6068519216244149
    39     33   0.44409594693585797
    40     33   0.19299797476064445
    41     33   0.24504676030209646
    42     33   0.44800621612267316
    43     33   0.39637099750587446
    44     33   0.34188002824466884
    45     33   0.3934002626730073
    46     33   0.43929084406386915
    47     33   0.221806529723126
    48     33   0.09850616014864383
    49     33   0.2681505818750009
    50     33   0.36745274699041786
    34     34   -4.140794086704174
    35     34   0.08694927288877173
    36     34   0.20809198821397368
    37     34   0.37354628720665817
    38     34   0.16387920249418086
    39     34   0.3650235867632707
    40     34   0.035282959236402046
    41     34   0.15699991910734865
    42     34   0.22701849063394997
    43     34   0.39303167855689203
    44     34   0.27029102674990446
    45     34   0.21169481373732132
    46     34   0.12781598313440384
    47     34   0.1596197121637077
    48     34   0.08655044807413768
    49     34   0.2309972155302178
    50     34   0.19346767752902755
    35     35   -6.4032655116993515
    36     35   0.08831416434592196
    37     35   0.18385262988220288
    38     35   0.5666434611600777
    39     35   0.2792345447930953
    40     35   0.1709346548024452
    41     35   0.1890610347324293
    42     35   0.3946009946064902
    43     35   0.23865348639649506
    44     35   0.24569834264640375
    45     35   0.33477708494290875
    46     35   0.39338103161673454
    47     35   0.12300043607425912
    48     35   0.08971613649430848
    49     35   0.17540124984378047
    50     35   0.2737033764619697
    36     36   -4.3700051666047335
    37     36   0.2693384617081075
    38     36   0.17919738860411177
    39     36   0.34069127973154933
    40     36   0.18380779934907154
    41     36   -0.03399611055363956
    42     36   0.2756182939667974
    43     36   0.12111987412694086
    44     36   0.24026654336289655
    45     36   0.21786751368469898
    46     36   0.19432643068145017
    47     36   0.24836768525799333
    48     36   0.16061093392631254
    49     36   0.11729861571780098
    50     36   0.2400274919000019
    37     37   -5.274060862425678
    38     37   0.28014241476381396
    39     37   0.3874796889404637
    40     37   0.17242873494288993
    41     37   0.08648941155897959
    42     37   0.2292299525615741
    43     37   0.2558571627994677
    44     37   0.23627528673327583
    45     37   0.2125043595453091
    46     37   0.25042361536732605
    47     37   0.27972761977829985
    48     37   0.055467896713890776
    49     37   0.17977108072851686
    50     37   0.3029604644669073
    38     38   -7.257379649852893
    39     38   0.36047091602358555
    40     38   0.2196896470794264
    41     38   0.16756220004698538
    42     38   0.42085601139880063
    43     38   0.2560987104004781
    44     38   0.28498347045573763
    45     38   0.35888182872414165
    46     38   0.42573685714862636
    47     38   0.20437228312418118
    48     38   0.10582178628960053
    49     38   0.19526526103745784
    50     38   0.337815471013428
    39     39   -6.59157915163711
    40     39   0.1614272695520123
    41     39   0.1416244926042163
    42     39   0.38780573463514134
    43     39   0.34167347957448774
    44     39   0.33823175496456365
    45     39   0.32017741701378954
    46     39   0.3151981231185828
    47     39   0.25504265365581713
    48     39   0.14480127913115987
    49     39   0.24343241598444024
    50     39   0.3049369947308159
    40     40   -3.229635542460566
    41     40   -0.06742262229909206
    42     40   0.15250987170654642
    43     40   -0.03217970600218422
    44     40   0.10112967983339206
    45     40   0.1329432536282131
    46     40   0.19144103283730018
    47     40   0.20278491809391402
    48     40   0.062301679470037175
    49     40   0.018556071328614393
    50     40   0.21836267665422998
    41     41   -1.9778416402809986
    42     41   0.1205304638569455
    43     41   0.25779974894853486
    44     41   0.102622456006639
    45     41   0.10022482231780458
    46     41   0.11401022762703106
    47     41   -0.03332865594725879
    48     41   -0.017265617643318482
    49     41   0.14610701579888416
    50     41   0.026119058848522475
    42     42   -6.620066257357498
    43     42   0.32768260026604856
    44     42   0.38209376415809515
    45     42   0.4110996401444861
    46     42   0.2916213356343093
    47     42   0.14846744097302178
    48     42   0.24932251645630488
    49     42   0.2259876349287213
    50     42   0.2650654059320817
    43     43   -4.537932417866294
    44     43   0.3121401457889074
    45     43   0.28396582182826935
    46     43   0.15664927726587186
    47     43   0.03959163709489072
    48     43   0.12416303876283298
    49     43   0.27421548416431346
    50     43   0.13614950815644386
    44     44   -5.191142483407866
    45     44   0.3208217469986637
    46     44   0.19555913365940794
    47     44   0.13041659991506271
    48     44   0.2004062782977869
    49     44   0.20239483054904747
    50     44   0.21074499554217177
    45     45   -5.635390702986392
    46     45   0.2389606893849605
    47     45   0.1300234624585939
    48     45   0.20372365047575183
    49     45   0.19034284062802342
    50     45   0.2337987919106398
    46     46   -5.646624318697673
    47     46   0.21014311854879464
    48     46   0.05035839940921597
    49     46   0.14094722283041433
    50     46   0.2759701780810398
    47     47   -3.741515632019817
    48     47   0.04359257775141768
    49     47   0.06430055368691606
    50     47   0.25010068737859487
    48     48   -2.399156673498795
    49     48   0.08184720426568642
    50     48   0.08979807715288059
    49     49   -3.422038970235417
    50     49   0.11906871909323885
    50     50   -5.248198341076138
