%%MatrixMarket matrix coordinate real symmetric
%=================================================================================
%
% This ASCII file represents a sparse MxN matrix with L
% nonzeros in the following Matrix Market format:
%
% +----------------------------------------------+
% |%%MatrixMarket matrix coordinate real general | <--- header line
% |%                                             | <--+
% |% comments                                    |    |-- 0 or more comment lines
% |%                                             | <--+
% |    M  N  L                                   | <--- rows, columns, entries
% |    I1  J1  A(I1, J1)                         | <--+
% |    I2  J2  A(I2, J2)                         |    |
% |    I3  J3  A(I3, J3)                         |    |-- L lines
% |        . . .                                 |    |
% |    IL JL  A(IL, JL)                          | <--+
% +----------------------------------------------+
%
% Indices are 1-based, i.e. A(1,1) is the first element.
%
%=================================================================================
  50  50  1275
    1     1   -10.525710914438095
    2     1   0.6926038509453456
    3     1   0.30708398573959395
    4     1   0.40986609375793753
    5     1   0.6578171896131102
    6     1   0.18070558426252334
    7     1   0.5939301436649278
    8     1   0.358914384440518
    9     1   0.678529217608061
    10     1   0.3445852516410018
    11     1   0.47515834978390575
    12     1   0.5496654308360636
    13     1   0.4400379590999979
    14     1   0.4301003190983706
    15     1   0.29655442986598246
    16     1   0.4800348807834279
    17     1   0.6714601358598157
    18     1   0.37901173412567446
    19     1   0.23108256358097976
    20     1   0.4462975517445784
    21     1   0.3641289638269034
    22     1   0.14273945214242756
    23     1   0.3844311397057772
    24     1   0.32647503349673496
    25     1   0.5399444745728498
    26     1   0.21115828776316917
    27     1   0.5250785417594361
    28     1   0.215777410762845
    29     1   0.14451903592472443
    30     1   0.5356031732644926
    31     1   0.44138891380467654
    32     1   0.47581643970360643
    33     1   0.7201028640073311
    34     1   -0.003987087876952581
    35     1   0.5318668592819789
    36     1   0.1841320972759165
    37     1   0.37295787169738476
    38     1   0.5330191041673705
    39     1   0.4608500418927535
    40     1   0.6899450044117879
    41     1   0.590589634787374
    42     1   0.5873268268571126
    43     1   0.40770775310092844
    44     1   0.6943089031536064
    45     1   0.4597746442452595
    46     1   0.3761793178663709
    47     1   0.3347192562895466
    48     1   0.5398198127472658
    49     1   0.3808117661955377
    50     1   0.2607972355961596
    2     2   -9.944555034214211
    3     2   0.24213932460793922
    4     2   0.42741232095726184
    5     2   0.6213951137767394
    6     2   0.12110181992767047
    7     2   0.49815030463239396
    8     2   0.2731075759865885
    9     2   0.6818828002218601
    10     2   0.3074511641800368
    11     2   0.4403650755511345
    12     2   0.5387211400100231
    13     2   0.45940800960442707
    14     2   0.43798059290908725
    15     2   0.23893586984906268
    16     2   0.46607066704820455
    17     2   0.5826198893356465
    18     2   0.37877883510414045
    19     2   0.3026880116776824
    20     2   0.4650643112541819
    21     2   0.430807964195988
    22     2   0.1510266896094205
    23     2   0.37613243363052634
    24     2   0.3089620976156312
    25     2   0.5405209441455837
    26     2   0.19671344135828947
    27     2   0.4787622125549163
    28     2   0.24256122475205374
    29     2   0.15123195747867466
    30     2   0.5726103810832648
    31     2   0.42069369917922045
    32     2   0.38886303970221753
    33     2   0.7101270207020428
    34     2   -0.020520950410291748
    35     2   0.4078092877607255
    36     2   0.1243361925443446
    37     2   0.30932728268159027
    38     2   0.5482994290097979
    39     2   0.4038406560084721
    40     2   0.6615570676442591
    41     2   0.5037494703906067
    42     2   0.5032576616601544
    43     2   0.4307918741472583
    44     2   0.5822826603607733
    45     2   0.4487840704414587
    46     2   0.3291051802408858
    47     2   0.40528554080887413
    48     2   0.46507989172391084
    49     2   0.4064973585044562
    50     2   0.2347376113238926
    3     3   -4.750367243915784
    4     3   -0.04758395872655273
    5     3   0.3560163508725955
    6     3   0.2508611479186425
    7     3   0.2960608396266854
    8     3   0.26437905943463724
    9     3   0.3505537799884717
    10     3   0.007944466212500102
    11     3   0.15457903091903694
    12     3   0.410907947053977
    13     3   -0.003082554709102457
    14     3   0.25863132129568306
    15     3   0.1381591931113744
    16     3   0.12473409313056691
    17     3   0.22907397141490937
    18     3   0.16347903700964586
    19     3   -0.12899344848019711
    20     3   -0.00903333800443758
    21     3   0.05504877628951249
    22     3   0.24529575295176506
    23     3   0.025504992320921772
    24     3   0.24588512483377126
    25     3   -0.013647360293124645
    26     3   0.22295298606576475
    27     3   0.3938618996370311
    28     3   0.09627418035615522
    29     3   0.014724619287671705
    30     3   0.2470074532971415
    31     3   0.17700138187889963
    32     3   0.4373284910489737
    33     3   0.1947333409551175
    34     3   -0.06512486929990223
    35     3   0.3333672876962328
    36     3   0.16955957815924474
    37     3   0.36912573722697234
    38     3   -0.00018892342182871396
    39     3   0.028363832984993367
    40     3   0.2826742938524765
    41     3   0.43268094947628216
    42     3   0.3025697969242862
    43     3   0.21489363364422617
    44     3   0.34253224563814544
    45     3   0.1575590272091663
    46     3   0.07447936047147015
    47     3   0.18995191613014417
    48     3   0.25459165443187304
    49     3   0.6074480245967994
    50     3   0.09836905506541635
    4     4   -5.93720608981492
    5     4   0.3880905247848992
    6     4   -0.009545164684026483
    7     4   0.261777747605761
    8     4   0.052220314309007976
    9     4   0.38516027407258546
    10     4   0.2597926817823199
    11     4   0.2972609660370961
    12     4   0.26232840744411906
    13     4   0.3500211285022133
    14     4   0.2304994044815217
    15     4   0.175588879534146
    16     4   0.2964856064828409
    17     4   0.33197401728608356
    18     4   0.24424361659430646
    19     4   0.34975265871060174
    20     4   0.3708624350081074
    21     4   0.3236315196950671
    22     4   0.04272240571403617
    23     4   0.3722156324751461
    24     4   0.15539209644718344
    25     4   0.4004929055232336
    26     4   0.042648570214596344
    27     4   0.22162403650155327
    28     4   0.15611634767685872
    29     4   0.13151293103999084
    30     4   0.3556554705478511
    31     4   0.23213450643099717
    32     4   0.11941878661751103
    33     4   0.47304922800791427
    34     4   -0.022295225929316955
    35     4   0.2274953921165167
    36     4   0.08417587780113259
    37     4   0.05611356921683764
    38     4   0.4246990688760222
    39     4   0.26859526126152455
    40     4   0.4631304270483356
    41     4   0.2294616933241891
    42     4   0.2555229857556127
    43     4   0.28292281719685536
    44     4   0.3400855699043304
    45     4   0.2535960937341401
    46     4   0.17889046026186087
    47     4   0.28983152765497905
    48     4   0.2644910088187313
    49     4   0.10676316456233254
    50     4   0.108110097193587
    5     5   -10.33885969813429
    6     5   0.10779487464428897
    7     5   0.3961259904978034
    8     5   0.305558436315776
    9     5   0.7389341853590855
    10     5   0.32580077937673785
    11     5   0.4211850105094974
    12     5   0.5843322625216473
    13     5   0.3970549151212308
    14     5   0.35099952362575004
    15     5   0.36584974408597787
    16     5   0.371653293214855
    17     5   0.6478452377704909
    18     5   0.41208272953527636
    19     5   0.27251085125138647
    20     5   0.48466885802396437
    21     5   0.32986810092740465
    22     5   0.24158014228169022
    23     5   0.44812256300027137
    24     5   0.410005150812995
    25     5   0.5020319350939235
    26     5   0.24772856763367126
    27     5   0.5471514493378596
    28     5   0.29576790806880365
    29     5   0.16793433172430589
    30     5   0.5867886569164752
    31     5   0.4644924963028306
    32     5   0.4629400164994438
    33     5   0.5149780490534696
    34     5   -0.00354853876306141
    35     5   0.4957834657262397
    36     5   0.23031580634998455
    37     5   0.436322617143968
    38     5   0.4261611397878837
    39     5   0.28657564284465237
    40     5   0.7356394630025909
    41     5   0.6332211382436066
    42     5   0.5188293275537761
    43     5   0.47378711266818213
    44     5   0.6311803210529369
    45     5   0.4068245129571891
    46     5   0.1907098611901434
    47     5   0.47004632496085685
    48     5   0.5351125540532379
    49     5   0.5064924266034686
    50     5   0.27916098233866476
    6     6   -2.776893914114068
    7     6   0.25477700068161313
    8     6   0.10560236533581403
    9     6   0.09981410987727012
    10     6   0.09161787807740825
    11     6   0.14047697688957186
    12     6   0.11874786908839362
    13     6   0.01508637163988035
    14     6   0.14411385241052632
    15     6   0.10826240062154806
    16     6   0.17324882274105696
    17     6   0.2334622607015783
    18     6   0.11005586855692766
    19     6   -0.08826833268379707
    20     6   0.03660181268253798
    21     6   -0.014713062048680005
    22     6   0.08188703960585066
    23     6   0.04135538176981367
    24     6   0.06851532991380091
    25     6   -0.03219810622177298
    26     6   0.06954896301592615
    27     6   0.23988038446299872
    28     6   -0.0025659473580015853
    29     6   0.015149013304130932
    30     6   0.054953242009426424
    31     6   0.11735445057231625
    32     6   0.2529617736309105
    33     6   0.1552306045467823
    34     6   -0.008705012819866034
    35     6   0.240473242519218
    36     6   0.10598077629802678
    37     6   0.14521567438086527
    38     6   -0.009802986310844468
    39     6   0.180833633563638
    40     6   0.14321659149710247
    41     6   0.1705985080137678
    42     6   0.13550271972122613
    43     6   0.08848213557916727
    44     6   0.30849621349876066
    45     6   0.07257432250967194
    46     6   0.08366266273788643
    47     6   0.05750431934808382
    48     6   0.17224962211040143
    49     6   0.3569262268432981
    50     6   0.06870259284480153
    7     7   -7.2940285421868065
    8     7   0.22434601075592944
    9     7   0.3868626247774408
    10     7   0.23396799607433558
    11     7   0.37211362027676886
    12     7   0.37820823404742776
    13     7   0.26148099330409186
    14     7   0.3823291174348629
    15     7   0.1815224223263709
    16     7   0.3897837604856175
    17     7   0.40257121219132885
    18     7   0.2425361375714117
    19     7   0.13021584802399597
    20     7   0.20644425760500287
    21     7   0.2621057112124918
    22     7   0.08694082871155559
    23     7   0.26344578853429573
    24     7   0.17171517976267978
    25     7   0.26718023200314933
    26     7   0.1088524584198547
    27     7   0.38676793690354777
    28     7   0.07040788360118146
    29     7   0.08513542347355735
    30     7   0.31694105458708105
    31     7   0.23083320392030657
    32     7   0.3779214998276377
    33     7   0.6403363458395789
    34     7   -0.06809664900023818
    35     7   0.457939392502959
    36     7   0.16750120964582857
    37     7   0.18141631019039622
    38     7   0.37429206580879126
    39     7   0.38545062274379915
    40     7   0.47751060937268575
    41     7   0.38890633795000884
    42     7   0.42315915940875715
    43     7   0.2649575945651675
    44     7   0.560492825465315
    45     7   0.2925675691896487
    46     7   0.3309665816716871
    47     7   0.1838917718648953
    48     7   0.3606659124990378
    49     7   0.3460239795700288
    50     7   0.09862398254415687
    8     8   -4.9636898412809725
    9     8   0.37581557943774274
    10     8   0.11377439876819026
    11     8   0.16214437483108188
    12     8   0.27917176325716336
    13     8   0.15642531603280538
    14     8   0.13919775612716515
    15     8   0.1414556011888137
    16     8   0.18235340181171147
    17     8   0.4682466205742543
    18     8   0.1644750322033469
    19     8   -0.11926612748317247
    20     8   0.19631284581659164
    21     8   0.026614180699694994
    22     8   0.08930786967106079
    23     8   -0.008493660560729767
    24     8   0.21093268978077107
    25     8   0.2693035051176554
    26     8   0.2087024308040925
    27     8   0.3035146859252598
    28     8   0.12397170387587153
    29     8   0.024086044035779203
    30     8   0.2244479734173878
    31     8   0.31384863765099696
    32     8   0.33732720977592756
    33     8   0.15530832621056254
    34     8   0.10377967608909507
    35     8   0.2362526512506619
    36     8   0.04590695755959986
    37     8   0.4083202779659373
    38     8   0.12390592697897664
    39     8   0.20869918559295036
    40     8   0.21969057893656574
    41     8   0.3824808501395717
    42     8   0.3420689534535597
    43     8   0.13016603970644672
    44     8   0.3263693161579511
    45     8   0.26167585229964374
    46     8   0.18307645251020951
    47     8   0.061000770618896895
    48     8   0.3162595732162265
    49     8   0.19278679800990348
    50     8   0.26183351652745346
    9     9   -10.922200929797707
    10     9   0.30266647625094695
    11     9   0.4200413696499418
    12     9   0.6279306861062243
    13     9   0.4706845415360955
    14     9   0.4089779373930987
    15     9   0.29713589497043075
    16     9   0.44229452218125986
    17     9   0.7325821845734336
    18     9   0.44198505431288965
    19     9   0.23657085122947571
    20     9   0.5534525454555278
    21     9   0.38788076126263415
    22     9   0.24064532854289497
    23     9   0.33636036349672294
    24     9   0.4244856008714685
    25     9   0.5994898907639503
    26     9   0.30729091475854536
    27     9   0.5800893010790061
    28     9   0.34065636206174793
    29     9   0.15890009274337508
    30     9   0.6641161033549176
    31     9   0.5583972298291717
    32     9   0.48043748515624196
    33     9   0.5608937071013252
    34     9   0.04689519016657302
    35     9   0.3943202998049168
    36     9   0.12081019010910377
    37     9   0.517011583729673
    38     9   0.47713271174605687
    39     9   0.34938049666226717
    40     9   0.6944532284804285
    41     9   0.6286233777519538
    42     9   0.5414984949059239
    43     9   0.48997089163268104
    44     9   0.5973825302769507
    45     9   0.5030420788433527
    46     9   0.2561748983699318
    47     9   0.49292916905657963
    48     9   0.5446592080373838
    49     9   0.5538838448009513
    50     9   0.3647158891968435
    10     10   -5.416382132003261
    11     10   0.2647017426778038
    12     10   0.17045414394152428
    13     10   0.257287702622081
    14     10   0.13227603067323832
    15     10   0.23808096169156442
    16     10   0.2731051952141726
    17     10   0.46270577196967905
    18     10   0.23271044792178097
    19     10   0.1699719167716622
    20     10   0.3465626019786299
    21     10   0.12868034204333526
    22     10   0.04654205051569608
    23     10   0.29394934476268236
    24     10   0.15123978616808623
    25     10   0.305478634925023
    26     10   0.06410741628253448
    27     10   0.2658610553084185
    28     10   0.11992700638063011
    29     10   0.10614826183385016
    30     10   0.23081652143389236
    31     10   0.27624062677518
    32     10   0.20008715323460688
    33     10   0.2760706100722062
    34     10   0.05259249442003613
    35     10   0.28413242178519665
    36     10   0.11991402189982951
    37     10   0.16063674035122877
    38     10   0.2420759353758071
    39     10   0.30300182492380084
    40     10   0.37765697656935615
    41     10   0.25198576490873115
    42     10   0.23321827331267891
    43     10   0.21044777268421647
    44     10   0.41475860756106897
    45     10   0.20312568186038388
    46     10   0.12696200833109494
    47     10   0.19507822187655283
    48     10   0.31283131309377515
    49     10   0.16312485891039227
    50     10   0.18061492858061687
    11     11   -7.007243683706394
    12     11   0.32255579939566525
    13     11   0.2993765609411953
    14     11   0.27612990832488
    15     11   0.22187237745121263
    16     11   0.3417233233706095
    17     11   0.4536147678593158
    18     11   0.27421389024449505
    19     11   0.20280713726010802
    20     11   0.3334868046602915
    21     11   0.24487780601739442
    22     11   0.09842822180362587
    23     11   0.31215483255336485
    24     11   0.19991978325833695
    25     11   0.33486884508500064
    26     11   0.10924648829387422
    27     11   0.35213430899560855
    28     11   0.14325994377838702
    29     11   0.11384519180193862
    30     11   0.34568635996046126
    31     11   0.29216012406820646
    32     11   0.28841121023288135
    33     11   0.4675475981157346
    34     11   -0.008009870753141834
    35     11   0.34999795555257257
    36     11   0.13675501595567177
    37     11   0.19641882500523916
    38     11   0.3401349168617639
    39     11   0.32461120534532273
    40     11   0.4773661882369945
    41     11   0.34442242860050803
    42     11   0.33261303647962087
    43     11   0.2908304053389511
    44     11   0.4806209960904533
    45     11   0.27658213721341857
    46     11   0.2073350837072403
    47     11   0.26815600565036
    48     11   0.3513049152079222
    49     11   0.30707824337362194
    50     11   0.16192207894784225
    12     12   -8.347030482814223
    13     12   0.2997402977197378
    14     12   0.3832379197470797
    15     12   0.19786486508153023
    16     12   0.3100491724065493
    17     12   0.424168659213528
    18     12   0.3112477459280881
    19     12   0.17380207456236257
    20     12   0.3006359246079529
    21     12   0.33136676516924374
    22     12   0.222559205858171
    23     12   0.2548234301975037
    24     12   0.3281789872892017
    25     12   0.3627147362138039
    26     12   0.23623942201578976
    27     12   0.45575716088831386
    28     12   0.23023849012670494
    29     12   0.10731308603382765
    30     12   0.5153561700828382
    31     12   0.3415218470224637
    32     12   0.40618341603112323
    33     12   0.5096320857678898
    34     12   -0.049093074731724515
    35     12   0.3546689059101118
    36     12   0.13655895332620607
    37     12   0.36400859532846364
    38     12   0.3621260621162578
    39     12   0.19825797718795327
    40     12   0.5523742703635321
    41     12   0.5143531108935266
    42     12   0.44217572155124574
    43     12   0.38912903692201944
    44     12   0.4528436747993228
    45     12   0.35870074980466493
    46     12   0.20874131648720418
    47     12   0.3825940620262589
    48     12   0.3841270378009746
    49     12   0.5085995944605748
    50     12   0.18823982571592296
    13     13   -6.69345085361201
    14     13   0.2503027156969918
    15     13   0.16456270220962987
    16     13   0.34420161659820664
    17     13   0.4669141478489543
    18     13   0.27586630389910793
    19     13   0.2637567303394762
    20     13   0.426842641176894
    21     13   0.3081569830321698
    22     13   0.05651916565451019
    23     13   0.27694407329503784
    24     13   0.19155977547906308
    25     13   0.4664200569348385
    26     13   0.1127795107989066
    27     13   0.28504829400025905
    28     13   0.19226409156501617
    29     13   0.12082456175917021
    30     13   0.39781590581412324
    31     13   0.3372109134526382
    32     13   0.187864560421144
    33     13   0.45373483688369887
    34     13   0.041832052092890704
    35     13   0.20022425008849926
    36     13   0.029626355390934486
    37     13   0.18635285148690972
    38     13   0.41677754108606446
    39     13   0.3269511562027384
    40     13   0.4366501532338658
    41     13   0.2792898016875562
    42     13   0.30159871557919476
    43     13   0.2878444477163485
    44     13   0.3654738629884002
    45     13   0.3281803730672636
    46     13   0.21951868930008211
    47     13   0.2867250670779872
    48     13   0.31644346150593583
    49     13   0.16888487985932854
    50     13   0.21141722058552861
    14     14   -6.117021074807947
    15     14   0.08638366900550452
    16     14   0.31160851678624635
    17     14   0.25520153825906916
    18     14   0.2247591907200118
    19     14   0.17635787410116102
    20     14   0.200567050184631
    21     14   0.321229957009087
    22     14   0.12501574438226848
    23     14   0.1920606232590777
    24     14   0.17247446858994528
    25     14   0.24636657399742215
    26     14   0.12359064009011139
    27     14   0.318044059822494
    28     14   0.12441325690760495
    29     14   0.07901140208699094
    30     14   0.3700221865427264
    31     14   0.2047325967080152
    32     14   0.2667883288597153
    33     14   0.537369728671594
    34     14   -0.07933739027163998
    35     14   0.2481630928624421
    36     14   0.07070153738325459
    37     14   0.15103574692219696
    38     14   0.33925699224791805
    39     14   0.23118405649982607
    40     14   0.39801895826657124
    41     14   0.2915107540552076
    42     14   0.3013309348786275
    43     14   0.2853036487259465
    44     14   0.34714978006105923
    45     14   0.26952122731673317
    46     14   0.22746328591724777
    47     14   0.2765336147921965
    48     14   0.241411058877205
    49     14   0.3959135545811467
    50     14   0.07810749129802266
    15     15   -5.066778781126175
    16     15   0.18484109964138665
    17     15   0.43480350827477965
    18     15   0.21793171355846178
    19     15   0.09356923708637355
    20     15   0.27716368433375244
    21     15   0.0428474411480556
    22     15   0.107475096633673
    23     15   0.2747949858919909
    24     15   0.19599123227573564
    25     15   0.2118625277593474
    26     15   0.09892654317515742
    27     15   0.2942337020835968
    28     15   0.1242034810629899
    29     15   0.0929000422814266
    30     15   0.20460053664371777
    31     15   0.2591380894952607
    32     15   0.25543492839213416
    33     15   0.14051884773723677
    34     15   0.043960223033185135
    35     15   0.32625654397114184
    36     15   0.17857750142727694
    37     15   0.23489936231068748
    38     15   0.12188349498890558
    39     15   0.19383959094637704
    40     15   0.3690624525904434
    41     15   0.31938249828624204
    42     15   0.2320929677059813
    43     15   0.2063458028012826
    44     15   0.4095008197308681
    45     15   0.15264189444871795
    46     15   0.04257593991173116
    47     15   0.19600232372746282
    48     15   0.319630011904409
    49     15   0.24719616713367795
    50     15   0.17624425886573544
    16     16   -7.2585405335214075
    17     16   0.5266652333955609
    18     16   0.29580954067505405
    19     16   0.17621429257794188
    20     16   0.3823588526468012
    21     16   0.2660766613322563
    22     16   0.0817791472311966
    23     16   0.24964528497256383
    24     16   0.18277147672811125
    25     16   0.3758959986816563
    26     16   0.12525084882436857
    27     16   0.37489048488363735
    28     16   0.15048986182442975
    29     16   0.10948601168947328
    30     16   0.3630256389686056
    31     16   0.3485738278188335
    32     16   0.29677040690759754
    33     16   0.5068025744842596
    34     16   0.027806234829231072
    35     16   0.29837908419151754
    36     16   0.07169321362414584
    37     16   0.21861710617276925
    38     16   0.36212015340865383
    39     16   0.40912545378521264
    40     16   0.44158814200248414
    41     16   0.3100173980274729
    42     16   0.3260890268990446
    43     16   0.2896852429058953
    44     16   0.48937629705854035
    45     16   0.3242152855376136
    46     16   0.2547675871423656
    47     16   0.2689112167451653
    48     16   0.35827239806726774
    49     16   0.34952557730890066
    50     16   0.21219753379747444
    17     17   -10.94926711813706
    18     17   0.47267449446023235
    19     17   0.05571280026779754
    20     17   0.6799351431411809
    21     17   0.13580925703371147
    22     17   0.16028491679315143
    23     17   0.3073942480649714
    24     17   0.3894010834328976
    25     17   0.624035160842952
    26     17   0.29806101178575306
    27     17   0.6416300377529943
    28     17   0.29395936232615855
    29     17   0.15552760812038738
    30     17   0.4900311267285665
    31     17   0.7074542130905165
    32     17   0.563327664894437
    33     17   0.369880905160269
    34     17   0.22099749510363484
    35     17   0.5020923478719778
    36     17   0.14969585343227992
    37     17   0.6347393773335653
    38     17   0.3366039026037207
    39     17   0.5887319361319033
    40     17   0.6237261989347536
    41     17   0.6309928618584101
    42     17   0.5398292811660487
    43     17   0.38560223662816767
    44     17   0.8066213644551742
    45     17   0.49478567432931114
    46     17   0.2672413658347885
    47     17   0.33551181926429996
    48     17   0.6875810025117621
    49     17   0.483478394525641
    50     17   0.5412749338642774
    18     18   -6.554365771993388
    19     18   0.16095988126473398
    20     18   0.3564791302839896
    21     18   0.2012000436837866
    22     18   0.13316701697708092
    23     18   0.2559450977004342
    24     18   0.22595571388801872
    25     18   0.32111657149721273
    26     18   0.1452390805753351
    27     18   0.355776574102876
    28     18   0.18196845396967987
    29     18   0.1082317138135952
    30     18   0.3528605548502066
    31     18   0.33134223110248945
    32     18   0.2788682023677778
    33     18   0.32290142852131787
    34     18   0.030857028223224746
    35     18   0.2697569804119887
    36     18   0.10354533637044105
    37     18   0.261376136319403
    38     18   0.2568571720693336
    39     18   0.2588912450253274
    40     18   0.4273853227707556
    41     18   0.334914195627035
    42     18   0.27903400306845283
    43     18   0.2920232925807178
    44     18   0.413920789427206
    45     18   0.26478048711796426
    46     18   0.12667980149671426
    47     18   0.3021515012365481
    48     18   0.33512407662670285
    49     18   0.3672874608725779
    50     18   0.210273647722996
    19     19   -3.436194050938558
    20     19   0.2531603369074653
    21     19   0.3348277595659932
    22     19   0.027441795872548923
    23     19   0.37000315450463156
    24     19   0.0772626090419473
    25     19   0.26387231250351545
    26     19   -0.03957768436990607
    27     19   0.07497031947927192
    28     19   0.11446122872442693
    29     19   0.11800027435466284
    30     19   0.28066792843928834
    31     19   0.06731294832655531
    32     19   -0.042071380596701326
    33     19   0.39337311687970333
    34     19   -0.09325339072081361
    35     19   0.09742901499289605
    36     19   0.062257486107901425
    37     19   -0.12680108635377282
    38     19   0.3659357157635646
    39     19   0.10585689582049566
    40     19   0.3672418977235746
    41     19   0.06760328747451821
    42     19   0.09736447745978571
    43     19   0.23897724068433449
    44     19   0.14405729318384056
    45     19   0.1287893224937633
    46     19   0.07239128718191302
    47     19   0.28943589009473586
    48     19   0.09657400947307924
    49     19   0.03877337577012681
    50     19   -0.033394154964804044
    20     20   -7.80438301401961
    21     20   0.24895055126142043
    22     20   0.09546358716211824
    23     20   0.33470037776369743
    24     20   0.25992809079335005
    25     20   0.5338771678659978
    26     20   0.1569251394086182
    27     20   0.37867368670194773
    28     20   0.25439963045614256
    29     20   0.15106573758762856
    30     20   0.43455366579771
    31     20   0.47205560594912643
    32     20   0.25357876972866167
    33     20   0.34930818181405604
    34     20   0.1172296302322023
    35     20   0.25045948893919034
    36     20   0.06419854573063255
    37     20   0.3092196545168856
    38     20   0.37332457908141686
    39     20   0.38149090906114114
    40     20   0.505651957955743
    41     20   0.35436140140411604
    42     20   0.3169522168620754
    43     20   0.3369387515296196
    44     20   0.4734510287799896
    45     20   0.3589821217952855
    46     20   0.16306748109712307
    47     20   0.354709523805598
    48     20   0.42366941832504834
    49     20   0.2625204420152554
    50     20   0.33119523510977905
    21     21   -5.145834225159431
    22     21   0.07528626294546005
    23     21   0.25977278772116125
    24     21   0.13542614900642325
    25     21   0.3213335468240866
    26     21   0.06071735682097195
    27     21   0.19072290467539474
    28     21   0.14690154579682335
    29     21   0.10040246426297808
    30     21   0.39337577646016186
    31     21   0.15114609767252096
    32     21   0.09565641394598844
    33     21   0.5420302815174162
    34     21   -0.0937125016105809
    35     21   0.1205468000183964
    36     21   0.01710928817077746
    37     21   0.014608205854276997
    38     21   0.42940701763513156
    39     21   0.16889001892644306
    40     21   0.3932326075304836
    41     21   0.18049471466257103
    42     21   0.22384571399754602
    43     21   0.2873537001650656
    44     21   0.20317021901985657
    45     21   0.2508126116026528
    46     21   0.1928176398049316
    47     21   0.3136066075411889
    48     21   0.15642979834785167
    49     21   0.20294362638707003
    50     21   0.02794431125834324
    22     22   -3.072342849075006
    23     22   0.0927170191226155
    24     22   0.15633092837675053
    25     22   0.057176020509361186
    26     22   0.1148385056443562
    27     22   0.21655322903244717
    28     22   0.10318887372692745
    29     22   0.04028784318361055
    30     22   0.19148585174101196
    31     22   0.1376640944859684
    32     22   0.19287536936891747
    33     22   0.0901405756790579
    34     22   -0.023145668591653085
    35     22   0.14494629954424926
    36     22   0.08641337178852504
    37     22   0.18569106409664557
    38     22   0.036253089018855426
    39     22   0.010350997371392081
    40     22   0.20995052429721456
    41     22   0.21905802269461602
    42     22   0.13054642642706507
    43     22   0.16969675312127394
    44     22   0.17686585810433855
    45     22   0.0972038950282695
    46     22   -0.007751272277784265
    47     22   0.1945853306987093
    48     22   0.1483021550740151
    49     22   0.34247765366226013
    50     22   0.07787516616079301
    23     23   -5.892728530635343
    24     23   0.17841544911032953
    25     23   0.29115975391735904
    26     23   0.017382060698161294
    27     23   0.2565017171214133
    28     23   0.14043319493577627
    29     23   0.1492235145041625
    30     23   0.3148583397779405
    31     23   0.1879991770855218
    32     23   0.15563474602906202
    33     23   0.40401661037432185
    34     23   -0.06526017870027755
    35     23   0.3475547548947607
    36     23   0.20881993170360105
    37     23   0.0356138895124495
    38     23   0.33955752753702945
    39     23   0.20908367034309513
    40     23   0.5362156204859361
    41     23   0.2723325328985418
    42     23   0.23388398541838665
    43     23   0.3091425715129637
    44     23   0.41764155844753975
    45     23   0.16985540807764413
    46     23   0.08223647389897944
    47     23   0.3286581836813814
    48     23   0.2890145940510213
    49     23   0.2036081557920851
    50     23   0.05789392397902209
    24     24   -5.623896804171299
    25     24   0.2592884053660391
    26     24   0.17522320946888859
    27     24   0.32261872313176015
    28     24   0.1772989251462109
    29     24   0.07842024117306053
    30     24   0.3189362795857687
    31     24   0.28829575124910656
    32     24   0.28586767506353283
    33     24   0.20023309467758826
    34     24   0.027997099200490594
    35     24   0.24593957095561242
    36     24   0.10827155426567338
    37     24   0.31442447787317557
    38     24   0.17095821662583824
    39     24   0.13243472908128875
    40     24   0.3625092734431427
    41     24   0.36898060856325154
    42     24   0.2806711263445426
    43     24   0.2496775924822251
    44     24   0.3281722484419203
    45     24   0.2277218481029118
    46     24   0.07944356361436389
    47     24   0.2517884676270797
    48     24   0.300088449294854
    49     24   0.3299490239350493
    50     24   0.19535961665598747
    25     25   -7.968374371575849
    26     25   0.16951026489833584
    27     25   0.33477489852344755
    28     25   0.25138586066533886
    29     25   0.13607392123856127
    30     25   0.47484424190520835
    31     25   0.44816398235827926
    32     25   0.23905194776832178
    33     25   0.464817958814828
    34     25   0.10179464912241368
    35     25   0.23161761679575862
    36     25   0.021128888970503024
    37     25   0.30720176701290025
    38     25   0.48539055265413306
    39     25   0.37891058989033705
    40     25   0.500953521299225
    41     25   0.38424994562526893
    42     25   0.40196707246554997
    43     25   0.31812004299003943
    44     25   0.42279707329310745
    45     25   0.4186320861672529
    46     25   0.26728778439429934
    47     25   0.29850078070656666
    48     25   0.41072309877649477
    49     25   0.10644286839191129
    50     25   0.3138225947945516
    26     26   -3.7332506437366577
    27     26   0.24005270808634158
    28     26   0.12367003022889991
    29     26   0.030191498949870908
    30     26   0.21325596090509877
    31     26   0.22878687544691714
    32     26   0.23337403436770512
    33     26   0.09861104316173017
    34     26   0.049568632894859584
    35     26   0.1326855799441341
    36     26   0.03202482857311689
    37     26   0.28824961039004515
    38     26   0.07538353999475794
    39     26   0.09461168580006522
    40     26   0.18539011049937013
    41     26   0.2656980710961508
    42     26   0.20386002056310948
    43     26   0.1467313199629016
    44     26   0.20392998407150906
    45     26   0.17918040466936647
    46     26   0.07243522751924163
    47     26   0.13917511463899732
    48     26   0.20606965707519095
    49     26   0.2638457450167705
    50     26   0.1756631691719984
    27     27   -8.719691212906573
    28     27   0.21405559011229638
    29     27   0.11318032979842274
    30     27   0.4333767373828304
    31     27   0.43732583599052255
    32     27   0.48162672867151857
    33     27   0.3946650075247943
    34     27   0.03535515455416177
    35     27   0.4306618364683992
    36     27   0.1732747948208324
    37     27   0.44017182917330827
    38     27   0.2497544099288483
    39     27   0.3277497862814433
    40     27   0.5364437732725061
    41     27   0.5216554941583477
    42     27   0.41939104113608283
    43     27   0.3642998183326457
    44     27   0.6003052757368983
    45     27   0.3427271300664333
    46     27   0.17953617497323798
    47     27   0.3491471462132406
    48     27   0.4722533728098419
    49     27   0.6008335938757484
    50     27   0.28661725177895375
    28     28   -4.143875280122911
    29     28   0.07025850016382261
    30     28   0.27218287882755304
    31     28   0.2370079763255071
    32     28   0.1558846832955929
    33     28   0.1530914973397772
    34     28   0.036880017561273605
    35     28   0.10793627232843939
    36     28   0.03289739450732201
    37     28   0.2096232217238082
    38     28   0.16870864272946562
    39     28   0.10421201561670713
    40     28   0.26606301991159914
    41     28   0.22878053783124286
    42     28   0.1757024547263217
    43     28   0.20152886128347247
    44     28   0.19516528658509635
    45     28   0.1893136093658445
    46     28   0.051601464186113395
    47     28   0.2261368207163305
    48     28   0.2033817325165257
    49     28   0.2134220280570243
    50     28   0.1624857431150219
    29     29   -2.482087463251106
    30     29   0.13889180868599857
    31     29   0.10771165748975768
    32     29   0.07143366547731199
    33     29   0.14244307230595996
    34     29   -0.002000686079850734
    35     29   0.10440331255386522
    36     29   0.050674535678786825
    37     29   0.05322038373750397
    38     29   0.12759252742181829
    39     29   0.09322538272540801
    40     29   0.18890132153082287
    41     29   0.10956331322836496
    42     29   0.09410295750000748
    43     29   0.12105406737222119
    44     29   0.15198685516889307
    45     29   0.09024033557942136
    46     29   0.039449480124391825
    47     29   0.13162737541392017
    48     29   0.11887864700635951
    49     29   0.09968913624813265
    50     29   0.05750012368346627
    30     30   -8.669786377449366
    31     30   0.3978615536592751
    32     30   0.32946816259083256
    33     30   0.5315835562297406
    34     30   -0.012945920747899685
    35     30   0.28322397003540867
    36     30   0.08761835109154666
    37     30   0.32238696072682393
    38     30   0.4407431625340463
    39     30   0.2571924087015351
    40     30   0.5818373288009079
    41     30   0.45344523855628965
    42     30   0.40253823837655794
    43     30   0.42115344220802614
    44     30   0.43708383714928645
    45     30   0.3935904004863118
    46     30   0.20537522196218055
    47     30   0.4443629978299281
    48     30   0.38854334341688423
    49     30   0.4499612090040405
    50     30   0.22978131327526063
    31     31   -7.692497377984674
    32     31   0.36787937823359407
    33     31   0.2644978257410067
    34     31   0.13770059159837852
    35     31   0.27837324746634573
    36     31   0.06560412443518111
    37     31   0.44571447974648354
    38     31   0.25370267665793483
    39     31   0.3502042489065477
    40     31   0.4289508933239368
    41     31   0.43029746123217727
    42     31   0.36038694771470314
    43     31   0.2964682654139847
    44     31   0.4866847574227389
    45     31   0.3607503806543775
    46     31   0.16942287289779653
    47     31   0.2866258423568756
    48     31   0.4429873787411146
    49     31   0.3739465377402045
    50     31   0.36894630054388927
    32     32   -7.379890820276329
    33     32   0.30659768720421193
    34     32   0.03670587250504797
    35     32   0.4233380990739456
    36     32   0.17147750612408683
    37     32   0.4421408955224054
    38     32   0.15739671269135044
    39     32   0.27433461208491755
    40     32   0.4262257291002861
    41     32   0.5030743084712984
    42     32   0.4064498767767599
    43     32   0.2743420027117907
    44     32   0.5444667878606496
    45     32   0.2884201477000861
    46     32   0.17614493383475488
    47     32   0.22766327983749637
    48     32   0.4260122435956207
    49     32   0.523975004297774
    50     32   0.2540051339119498
    33     33   -9.012902467852758
    34     33   -0.13023685229455917
    35     33   0.4025404285095467
    36     33   0.11384166392814303
    37     33   0.08647294287737749
    38     33   0.6510715909052448
    39     33   0.4353025169190127
    40     33   0.6454959087943363
    41     33   0.37941791987577
    42     33   0.4695265820064806
    43     33   0.40681118210878736
    44     33   0.5456857780824542
    45     33   0.41068962878100224
    46     33   0.4174571900953485
    47     33   0.366027070093589
    48     33   0.36100917904152174
    49     33   0.34787452310049033
    50     33   0.07219007177844408
    34     34   -0.34635683910420667
    35     34   -0.023666680684961677
    36     34   -0.04440745901673875
    37     34   0.1405279332293728
    38     34   -0.04312566761386626
    39     34   0.08574907446863238
    40     34   -0.04316654826676211
    41     34   0.0338846506234998
    42     34   0.022146317177276182
    43     34   -0.031044982352812275
    44     34   0.04150068763686575
    45     34   0.053565373454232665
    46     34   0.005012589581864916
    47     34   -0.04408059560147257
    48     34   0.0793077590589742
    49     34   -0.05344193473877995
    50     34   0.15127498822815985
    35     35   -7.372092725763514
    36     35   0.2725949572617433
    37     35   0.28407379113132547
    38     35   0.233502280097872
    39     35   0.3022743743172417
    40     35   0.5279349472800126
    41     35   0.4800460651447723
    42     35   0.4089121100729085
    43     35   0.2787210525227393
    44     35   0.6188645322974436
    45     35   0.23039468351117587
    46     35   0.1818601511567914
    47     35   0.2159033581354667
    48     35   0.4320932717808965
    49     35   0.38449480984028983
    50     35   0.1555459938354631
    36     36   -2.7243570931996026
    37     36   0.0847192050281615
    38     36   0.04410886588753078
    39     36   0.058900412620735455
    40     36   0.24765473668824844
    41     36   0.20704309390663603
    42     36   0.14098907027107363
    43     36   0.12348386333726875
    44     36   0.2651549444652939
    45     36   0.0326323207622975
    46     36   0.00613823171359075
    47     36   0.10924598355637943
    48     36   0.16880469692491495
    49     36   0.1903207654459898
    50     36   0.015931757096228256
    37     37   -6.491327897349463
    38     37   0.07944707941890425
    39     37   0.21107937481656774
    40     37   0.3173403909865677
    41     37   0.4955120237970793
    42     37   0.3711700978415486
    43     37   0.22686202041283093
    44     37   0.4224136098889054
    45     37   0.30606183501871337
    46     37   0.11481829758224246
    47     37   0.19467854529707024
    48     37   0.4156531294695019
    49     37   0.4224626399846274
    50     37   0.3640018589211033
    38     38   -6.933958178854672
    39     38   0.32211613972652037
    40     38   0.5000878704005732
    41     38   0.27723984605007734
    42     38   0.35066209415355026
    43     38   0.3120517198108539
    44     38   0.356279411785549
    45     38   0.344022004433768
    46     38   0.29847767601215164
    47     38   0.29421065614412134
    48     38   0.2843606324291362
    49     38   0.10105709795348224
    50     38   0.11288498243903114
    39     39   -6.446556482573719
    40     39   0.36308942127229543
    41     39   0.2675915039086308
    42     39   0.31323447953409866
    43     39   0.20296667299501153
    44     39   0.5031122385538574
    45     39   0.3022544231532314
    46     39   0.2782288087555319
    47     39   0.1471727445456009
    48     39   0.3652282739140118
    49     39   0.19684397468418913
    50     39   0.24223676074793918
    40     40   -10.56853423248042
    41     40   0.5723806011195238
    42     40   0.4974346539290409
    43     40   0.49363118937456485
    44     40   0.6819809902802422
    45     40   0.39750888754166547
    46     40   0.2267333489706558
    47     40   0.49274386644584517
    48     40   0.5250429328946887
    49     40   0.5054574042345621
    50     40   0.22450435662504487
    41     41   -8.952128671054322
    42     41   0.503191777741696
    43     41   0.3574450085824239
    44     41   0.5930308332177976
    45     41   0.35996983339112726
    46     41   0.19508688894935108
    47     41   0.3134200290645724
    48     41   0.5029326641117442
    49     41   0.47901366413409785
    50     41   0.2902752265710404
    42     42   -8.029823090190988
    43     42   0.2941316103100425
    44     42   0.5193765673140539
    45     42   0.3560587241101029
    46     42   0.2719058489833082
    47     42   0.22859123659266675
    48     42   0.4295018150745634
    49     42   0.3020239595910007
    50     42   0.23540879302876744
    43     43   -6.942377320299847
    44     43   0.39608210002155003
    45     43   0.2709445193063812
    46     43   0.12233761053027405
    47     43   0.3759563884982166
    48     43   0.31710011565286805
    49     43   0.4244993593438299
    50     43   0.15639904182983988
    44     44   -10.368329605794624
    45     44   0.38336010738149595
    46     44   0.2688736515908011
    47     44   0.33770902093504085
    48     44   0.5970888498482589
    49     44   0.5476555428440798
    50     44   0.30931550449902945
    45     45   -6.903157829474645
    46     45   0.23517862868521255
    47     45   0.24735840713991888
    48     45   0.34240743427084047
    49     45   0.26357444441160716
    50     45   0.24518301968129497
    46     46   -4.231394269042349
    47     46   0.056947804867474014
    48     46   0.1995463783395304
    49     46   0.054378280669541826
    50     46   0.1018189649405692
    47     47   -6.53374941415809
    48     47   0.2776236730752801
    49     47   0.4807159889932438
    50     47   0.14042686024142956
    48     48   -8.417957180504622
    49     48   0.38617340864558375
    50     48   0.30945773473900456
    49     49   -7.8497487802044015
    50     49   0.20528291036487592
    50     50   -4.786588718025436
