%%MatrixMarket matrix coordinate real symmetric
%=================================================================================
%
% This ASCII file represents a sparse MxN matrix with L
% nonzeros in the following Matrix Market format:
%
% +----------------------------------------------+
% |%%MatrixMarket matrix coordinate real general | <--- header line
% |%                                             | <--+
% |% comments                                    |    |-- 0 or more comment lines
% |%                                             | <--+
% |    M  N  L                                   | <--- rows, columns, entries
% |    I1  J1  A(I1, J1)                         | <--+
% |    I2  J2  A(I2, J2)                         |    |
% |    I3  J3  A(I3, J3)                         |    |-- L lines
% |        . . .                                 |    |
% |    IL JL  A(IL, JL)                          | <--+
% +----------------------------------------------+
%
% Indices are 1-based, i.e. A(1,1) is the first element.
%
%=================================================================================
  50  50  1275
    1     1   -2.230673158100597
    2     1   0.06595795193594353
    3     1   0.18101696255230482
    4     1   0.3197853571282663
    5     1   -0.013118300167949643
    6     1   0.04493260125607886
    7     1   0.06032199646733353
    8     1   0.04124247970492964
    9     1   0.05611474777717661
    10     1   0.004161238923584923
    11     1   0.13167808058897568
    12     1   0.05695160680087933
    13     1   0.13584823599964863
    14     1   0.24129907830855918
    15     1   -0.0092215445499781
    16     1   0.00029812876488617945
    17     1   0.1362246908880628
    18     1   0.13545830502296255
    19     1   0.011205117818226522
    20     1   0.052805437740727545
    21     1   0.24201934584495483
    22     1   0.05054786765975477
    23     1   0.33108905348124845
    24     1   0.18262017062662525
    25     1   0.09418473217038922
    26     1   -0.08973637229758653
    27     1   0.03556971451662129
    28     1   0.07566577495117274
    29     1   0.21405689946342865
    30     1   -0.06909834713144059
    31     1   0.013260811061225269
    32     1   0.07673637899776288
    33     1   0.2093965594822798
    34     1   0.057260350978492004
    35     1   0.12676786987604508
    36     1   0.028626998874363305
    37     1   0.04618130957168812
    38     1   0.04748645033066251
    39     1   0.09164718736394387
    40     1   0.18630404648002966
    41     1   0.15994941959585318
    42     1   0.12682492908412812
    43     1   0.18610083248081208
    44     1   0.023436147403991258
    45     1   -0.05232276833750371
    46     1   0.0737557056115213
    47     1   0.06289727190368842
    48     1   0.11592756334309036
    49     1   0.08684460254965781
    50     1   0.07438363730367488
    2     2   -4.0588426267205335
    3     2   0.29203054807835005
    4     2   0.21195770570671457
    5     2   0.1916060785644795
    6     2   0.03950761945342874
    7     2   0.15288392855776003
    8     2   0.23907477788824189
    9     2   0.20480024839299518
    10     2   0.20698052597907715
    11     2   0.31053672112666475
    12     2   0.056760618105756486
    13     2   0.17387625106231253
    14     2   0.09725040805776626
    15     2   0.2374327699010729
    16     2   0.13620852733659722
    17     2   0.11797567844082175
    18     2   0.32007879188342486
    19     2   0.14204244581800896
    20     2   0.17486998872561402
    21     2   0.3440016812231576
    22     2   0.19029074644426658
    23     2   0.19902981584237167
    24     2   0.07968267716661086
    25     2   0.33313105735481463
    26     2   0.12390685988106788
    27     2   0.11157978082301265
    28     2   0.21423419420928322
    29     2   0.1926917293409604
    30     2   0.1031379785434822
    31     2   0.17521380588822463
    32     2   0.18606220712804716
    33     2   0.14767960992463564
    34     2   0.2413360432645732
    35     2   0.12184728879533842
    36     2   0.1949621431589227
    37     2   0.033341243595813655
    38     2   0.2383357126627746
    39     2   0.14249605024052772
    40     2   0.03784436932699847
    41     2   0.17596869035529153
    42     2   0.20079795602726222
    43     2   0.07336536252699764
    44     2   0.11085637707485263
    45     2   0.12125545668845744
    46     2   0.032293231417304696
    47     2   0.21485370759434422
    48     2   0.2267901935205737
    49     2   0.07290445088383411
    50     2   0.10596324752223557
    3     3   -10.966907030938746
    4     3   0.5626202923778229
    5     3   0.4078129446526729
    6     3   0.25957266571721077
    7     3   0.3002042012373732
    8     3   0.5165845047136141
    9     3   0.6062044728320559
    10     3   0.493821742261289
    11     3   0.6629568114508672
    12     3   0.33741580804335675
    13     3   0.45205048188672203
    14     3   0.4958193237734906
    15     3   0.7265033645347101
    16     3   0.537012238150153
    17     3   0.46848696514237126
    18     3   0.5762198208129627
    19     3   0.6583877779238803
    20     3   0.5120174318756321
    21     3   0.7848723046547704
    22     3   0.5453603663796
    23     3   0.5378246635181803
    24     3   0.3321263545958001
    25     3   0.6764224353136286
    26     3   0.1938437557361627
    27     3   0.5193527111663768
    28     3   0.6779628203610879
    29     3   0.680377274364905
    30     3   0.25242956334799965
    31     3   0.556283756069795
    32     3   0.17912004324056813
    33     3   0.3211725447485303
    34     3   0.4644950665936859
    35     3   0.4093855946551685
    36     3   0.2850975676456603
    37     3   0.2796527739290302
    38     3   0.5473850876510579
    39     3   0.4575785836067694
    40     3   0.453751722837006
    41     3   0.5432207669351866
    42     3   0.5451525562437726
    43     3   0.25495970024148457
    44     3   0.45231690737344776
    45     3   0.26386355633490893
    46     3   -0.1883766175975929
    47     3   0.5236922729228752
    48     3   0.5267650158756637
    49     3   0.31951828780948377
    50     3   0.491468267305641
    4     4   -6.816113643102243
    5     4   0.17657327250738797
    6     4   0.19679877486087788
    7     4   0.2795295612068248
    8     4   0.250044535640263
    9     4   0.3832909339806171
    10     4   0.18813537618468903
    11     4   0.4900390989082186
    12     4   0.07641870158361176
    13     4   0.31852484193128233
    14     4   0.4831939542965067
    15     4   0.2046344699624285
    16     4   0.12451705024467875
    17     4   0.28227264101507865
    18     4   0.3998750581484684
    19     4   0.13119238963401839
    20     4   0.2806041438512366
    21     4   0.5980773980653594
    22     4   0.2529302982439927
    23     4   0.605312487236504
    24     4   0.34922947738117116
    25     4   0.4122243339280226
    26     4   0.032441982540083604
    27     4   0.2416425719412633
    28     4   0.26139369580396105
    29     4   0.4268275790638043
    30     4   0.06254565938993936
    31     4   0.1543038944465685
    32     4   0.2913347534268932
    33     4   0.36971665021983646
    34     4   0.25457825948438395
    35     4   0.3096185692063325
    36     4   0.1704980562538922
    37     4   0.12239954906411489
    38     4   0.3123251526129524
    39     4   0.347490543694258
    40     4   0.319566853640195
    41     4   0.38043433698554446
    42     4   0.4097462218888006
    43     4   0.24471981659254038
    44     4   0.2015024403438754
    45     4   0.09325154676411239
    46     4   0.1275771172622855
    47     4   0.25770257049650513
    48     4   0.29216353736033196
    49     4   0.07388922519185341
    50     4   0.2967745485061148
    5     5   -5.394553880648019
    6     5   0.09774489051298021
    7     5   0.23582981393086344
    8     5   0.33257294968601725
    9     5   0.3668697008425734
    10     5   0.3369710981763878
    11     5   0.3992766707747303
    12     5   0.07440252771030585
    13     5   0.2168162344579422
    14     5   0.09336754423559125
    15     5   0.39015856773722657
    16     5   0.22308673626055356
    17     5   0.15277321296776492
    18     5   0.3431242705748175
    19     5   0.22528336946164054
    20     5   0.285815653408101
    21     5   0.35570285800405005
    22     5   0.2887298767029315
    23     5   0.14056169737929414
    24     5   0.077812959413536
    25     5   0.4353241737585778
    26     5   0.2597716994497199
    27     5   0.23808192454742777
    28     5   0.32013902244124387
    29     5   0.23362949335950622
    30     5   0.2092360430181703
    31     5   0.2956304217142138
    32     5   0.20165499829191982
    33     5   0.07029386035450563
    34     5   0.2871598315469881
    35     5   0.15094105014809217
    36     5   0.21714490712851725
    37     5   0.06716526490776266
    38     5   0.3905933409552822
    39     5   0.24730170247639296
    40     5   0.03208351902989317
    41     5   0.18622720307199905
    42     5   0.2766284503370473
    43     5   0.04843456586744727
    44     5   0.2305681315510303
    45     5   0.2362838898377846
    46     5   -0.01556717291270419
    47     5   0.26696448340173984
    48     5   0.2560357339576602
    49     5   0.05095053711487996
    50     5   0.19665605814703999
    6     6   -2.452827482290136
    7     6   0.12165658638167476
    8     6   0.0911851582493437
    9     6   0.22804535284359154
    10     6   0.08094765712774724
    11     6   0.170696305713972
    12     6   0.00911186810515737
    13     6   0.09141818471187282
    14     6   0.18551846988381165
    15     6   0.11780677512552654
    16     6   0.0728082551678866
    17     6   0.08035955219527946
    18     6   0.07013313387014726
    19     6   0.09628481196347721
    20     6   0.13018984171281173
    21     6   0.13399117802152533
    22     6   0.10154493383513626
    23     6   0.13114953416039649
    24     6   0.10675785822334072
    25     6   0.13045308044243353
    26     6   0.06953536709626218
    27     6   0.1627293874403147
    28     6   0.0846942874011464
    29     6   0.10206474725190333
    30     6   0.08170950329281244
    31     6   0.05264095880713727
    32     6   0.08104841219419036
    33     6   0.04034099725523684
    34     6   0.06895850586948858
    35     6   0.11275433443235273
    36     6   0.016667878252131296
    37     6   0.06189871266765411
    38     6   0.15036432537832292
    39     6   0.1749180686340288
    40     6   0.12240783695404857
    41     6   0.10745299405542565
    42     6   0.15792662118811598
    43     6   -0.006105743305663042
    44     6   0.1383112840714105
    45     6   0.09093971702170388
    46     6   -0.01088950836742976
    47     6   0.08481394680088744
    48     6   0.044916791955910196
    49     6   -0.041092715574677
    50     6   0.1680331642718486
    7     7   -5.476723181101661
    8     7   0.2708014415742674
    9     7   0.40529102296677816
    10     7   0.32990118127129314
    11     7   0.4031241081851191
    12     7   0.03296678535044294
    13     7   0.23777230082942077
    14     7   0.16501253269084237
    15     7   0.28784788661863625
    16     7   0.1360982069835196
    17     7   0.19800296409513432
    18     7   0.2776583760262836
    19     7   0.04827194016175076
    20     7   0.32113394792658445
    21     7   0.34787423819378555
    22     7   0.2825322671129186
    23     7   0.23423018370149074
    24     7   0.17802552884317868
    25     7   0.39444270307959683
    26     7   0.2508003809124646
    27     7   0.26398731682013904
    28     7   0.29849726222909934
    29     7   0.3015226843481702
    30     7   0.18077653281644523
    31     7   0.2999182887795723
    32     7   0.22417169592150799
    33     7   0.09519797464482023
    34     7   0.19077861709082788
    35     7   0.17810544894779598
    36     7   0.16419797681825243
    37     7   0.0824388963664988
    38     7   0.4150677874238548
    39     7   0.33220202241180047
    40     7   0.06982840856286393
    41     7   0.19004271365416617
    42     7   0.3305203246841178
    43     7   0.18254453538392057
    44     7   0.24534368824277497
    45     7   0.21941004348546184
    46     7   0.09999311240599731
    47     7   0.17773651597978776
    48     7   0.22237640095520536
    49     7   0.00048425350110479175
    50     7   0.23608977642379883
    8     8   -6.73765859648309
    9     8   0.42465140025793735
    10     8   0.41785344333844826
    11     8   0.44373385841020396
    12     8   0.16466646255417325
    13     8   0.38153840528678956
    14     8   0.19760591895291066
    15     8   0.45285297641019306
    16     8   0.21531424077965383
    17     8   0.24077814896447364
    18     8   0.4241468757899671
    19     8   0.2944036076516222
    20     8   0.2996620827765693
    21     8   0.4123271117562227
    22     8   0.32003876545269094
    23     8   0.293128800655079
    24     8   0.15227165138245463
    25     8   0.5290399710898261
    26     8   0.2959056648759988
    27     8   0.25453275795838404
    28     8   0.43533821184804544
    29     8   0.39059724096751974
    30     8   0.13860932320780467
    31     8   0.33371273755398534
    32     8   0.20185451951654268
    33     8   0.08174530127454918
    34     8   0.35761949578612395
    35     8   0.20566983712877984
    36     8   0.1973656123381977
    37     8   0.05114865327514959
    38     8   0.555453525981143
    39     8   0.29174686369460645
    40     8   0.11749965686358507
    41     8   0.18572712088468055
    42     8   0.2975355009621768
    43     8   0.19198362890950063
    44     8   0.28420705789127876
    45     8   0.23817903068759108
    46     8   -0.026760390610568084
    47     8   0.3111321757402185
    48     8   0.3444391905256226
    49     8   0.16125847754889164
    50     8   0.17329642919048052
    9     9   -8.111602584460897
    10     9   0.47249890355858015
    11     9   0.554981074308249
    12     9   0.11152598288362191
    13     9   0.37398927100948604
    14     9   0.30975864254696434
    15     9   0.49236983433476633
    16     9   0.2568724243270613
    17     9   0.30004710549144437
    18     9   0.37028698735529647
    19     9   0.24166921935731864
    20     9   0.4512804421686412
    21     9   0.45940646186513007
    22     9   0.4098454324965911
    23     9   0.3264260510411072
    24     9   0.25251363836389085
    25     9   0.559091260524834
    26     9   0.3602518334651372
    27     9   0.43245908390941756
    28     9   0.46449510797014393
    29     9   0.44497889283453373
    30     9   0.25579632962385496
    31     9   0.4151874783059892
    32     9   0.252599894776276
    33     9   0.08401877754535564
    34     9   0.2997101593462209
    35     9   0.2801438319822886
    36     9   0.18153097740949709
    37     9   0.1391141241441243
    38     9   0.6274939761832257
    39     9   0.4825912815305561
    40     9   0.1884552037355467
    41     9   0.26856618161718376
    42     9   0.45609093957251645
    43     9   0.20056169676131957
    44     9   0.4093541935611912
    45     9   0.32619275268753306
    46     9   0.017444970795350713
    47     9   0.2954892103389478
    48     9   0.31066963614816767
    49     9   0.04110731236254286
    50     9   0.37107071078816367
    10     10   -7.890209823715815
    11     10   0.4935161725643763
    12     10   0.20192635992049812
    13     10   0.33177278852528586
    14     10   0.10721549653882034
    15     10   0.5666181720122219
    16     10   0.3531876853040933
    17     10   0.3427788499008795
    18     10   0.4041888191512758
    19     10   0.25716370972875113
    20     10   0.46762152163181336
    21     10   0.4843764551654551
    22     10   0.47002657620385097
    23     10   0.21776103755381063
    24     10   0.18298925257591397
    25     10   0.5563801879557467
    26     10   0.3415106793413928
    27     10   0.38671705062467027
    28     10   0.5859450668883652
    29     10   0.5206880007432861
    30     10   0.2623965656558246
    31     10   0.6125637848550703
    32     10   0.15491104333526756
    33     10   0.09940497605376186
    34     10   0.28978976956954944
    35     10   0.218745731441422
    36     10   0.25921619337352875
    37     10   0.16963689292487327
    38     10   0.5556356715134515
    39     10   0.37965352382631845
    40     10   0.10773365130026
    41     10   0.2835067325774053
    42     10   0.40765980081057257
    43     10   0.3286294490316531
    44     10   0.35897145076812464
    45     10   0.2928380232928948
    46     10   -0.016983872653226536
    47     10   0.30178633240087305
    48     10   0.40665069950902427
    49     10   0.19995975410056338
    50     10   0.3040584245928145
    11     11   -9.448390429931978
    12     11   0.10826728529748003
    13     11   0.3134826189256112
    14     11   0.2428175850218187
    15     11   0.555945878659198
    16     11   0.37752911582780807
    17     11   0.3263389799036527
    18     11   0.5892079244898735
    19     11   0.260894329642407
    20     11   0.5199830588428034
    21     11   0.7560357424560417
    22     11   0.5058479865989326
    23     11   0.3912797817371218
    24     11   0.24223578881009591
    25     11   0.6848196984743679
    26     11   0.2876361666774679
    27     11   0.4038730801613202
    28     11   0.5160317807895175
    29     11   0.4838788886632459
    30     11   0.33468947028265716
    31     11   0.5260895282953579
    32     11   0.3670011938182159
    33     11   0.31509095354102573
    34     11   0.41103491408701565
    35     11   0.3036414307680749
    36     11   0.4012799327970432
    37     11   0.18954129986841564
    38     11   0.5001894681688386
    39     11   0.4421687316539572
    40     11   0.14174415777570462
    41     11   0.4642629776457734
    42     11   0.5524807270633765
    43     11   0.20707212465994074
    44     11   0.33656050564490847
    45     11   0.3131815617749961
    46     11   0.07694377736741387
    47     11   0.42073402103958524
    48     11   0.4590418802888189
    49     11   0.09759527189639743
    50     11   0.4097923384162963
    12     12   -3.501178293471779
    13     12   0.20277441209483227
    14     12   0.13672655620929514
    15     12   0.26710321816609334
    16     12   0.2017070329893136
    17     12   0.23505241850101158
    18     12   0.1373233189602136
    19     12   0.26058506654296393
    20     12   0.1481447687878019
    21     12   0.19708161242734207
    22     12   0.18808296627356869
    23     12   0.1817198648514394
    24     12   0.1270670007660808
    25     12   0.16824164634987057
    26     12   0.03089109812000622
    27     12   0.1584064142944143
    28     12   0.33164845329723674
    29     12   0.35805885062158765
    30     12   -0.0005505480736172881
    31     12   0.2860529046644909
    32     12   -0.08830456040201744
    33     12   0.0697353789747062
    34     12   0.1018489480509126
    35     12   0.12011486912306919
    36     12   0.031218754055237306
    37     12   0.112758210361887
    38     12   0.1925276398257974
    39     12   0.10447758696029288
    40     12   0.2059779515876533
    41     12   0.1442070117489375
    42     12   0.11643246777335535
    43     12   0.26214680859499045
    44     12   0.15365592389338006
    45     12   0.028337345178479856
    46     12   -0.12640698338155879
    47     12   0.13481185521134936
    48     12   0.21678820214972935
    49     12   0.2690769352040785
    50     12   0.10642117983404839
    13     13   -5.8220463786099526
    14     13   0.34365301021607964
    15     13   0.30018457050197783
    16     13   0.06988730018309844
    17     13   0.28070915027338705
    18     13   0.3012926173144508
    19     13   0.2167707980653839
    20     13   0.20145931551954593
    21     13   0.290370135342564
    22     13   0.21307382103828246
    23     13   0.43771721116469076
    24     13   0.25113880338321176
    25     13   0.40220112226430416
    26     13   0.21299049331786227
    27     13   0.20257390308483625
    28     13   0.3868596358427921
    29     13   0.4667920295800249
    30     13   -0.037043831958126654
    31     13   0.2114530880474008
    32     13   0.11708954525464689
    33     13   0.05753587317105647
    34     13   0.25509708575612494
    35     13   0.2217611095937544
    36     13   0.027821782873711655
    37     13   0.017779110418448964
    38     13   0.5712633938099586
    39     13   0.2865710137071721
    40     13   0.24310528048460123
    41     13   0.10314562215272866
    42     13   0.22612263260871768
    43     13   0.34252647169253064
    44     13   0.2660084429930847
    45     13   0.13481187311164633
    46     13   -0.0027163216150142716
    47     13   0.19923073908214964
    48     13   0.2819545799598187
    49     13   0.2072146124981818
    50     13   0.10582270976361274
    14     14   -4.593553574350059
    15     14   0.12685115594340218
    16     14   0.027942180085927002
    17     14   0.2400225601308806
    18     14   0.17484613061491666
    19     14   0.18573742426007342
    20     14   0.12938340597830827
    21     14   0.277386215216217
    22     14   0.11370423979490546
    23     14   0.5067584808654085
    24     14   0.30734644962562035
    25     14   0.22159145611157333
    26     14   0.014131777690309894
    27     14   0.1898408671920809
    28     14   0.20016846707150326
    29     14   0.3695119341805339
    30     14   -0.07749641358630908
    31     14   0.02027908248603288
    32     14   0.09369503683192006
    33     14   0.1574722586406912
    34     14   0.14310632468355414
    35     14   0.24813597236453905
    36     14   -0.05262786156716475
    37     14   0.06450633984309494
    38     14   0.3236057376093791
    39     14   0.26467856848428784
    40     14   0.371132836816209
    41     14   0.17499252092752915
    42     14   0.22190960400330817
    43     14   0.23077798494407709
    44     14   0.2017244481125012
    45     14   0.03013025518738987
    46     14   -0.0012740668491685063
    47     14   0.13848122440327337
    48     14   0.1566379381801954
    49     14   0.11314082895048255
    50     14   0.17963726274017586
    15     15   -8.99438866564689
    16     15   0.5240348086291451
    17     15   0.37574819519279185
    18     15   0.47893196367081137
    19     15   0.46759326358067177
    20     15   0.5216066186157108
    21     15   0.606800179078724
    22     15   0.5503521684459014
    23     15   0.2005959709141579
    24     15   0.163094051508819
    25     15   0.6114569837362079
    26     15   0.3059001458261076
    27     15   0.458238376441037
    28     15   0.6631086439388761
    29     15   0.5467216515377865
    30     15   0.3402644417241117
    31     15   0.6936712614219064
    32     15   0.13091163685386883
    33     15   0.16475996386891298
    34     15   0.36601709634552676
    35     15   0.2557301646114849
    36     15   0.33311630425449723
    37     15   0.24570690196037084
    38     15   0.4966913543700656
    39     15   0.3727121036657401
    40     15   0.1719078388335253
    41     15   0.4062076033551824
    42     15   0.4563586940350803
    43     15   0.24418039137032854
    44     15   0.3937282102504679
    45     15   0.3126241582965199
    46     15   -0.13735467049508146
    47     15   0.41751051490644414
    48     15   0.4743741692202685
    49     15   0.26409003617706683
    50     15   0.3942980397932658
    16     16   -6.223092559995376
    17     16   0.28211029129098314
    18     16   0.31867302023172916
    19     16   0.3649035361853584
    20     16   0.4091768429099244
    21     16   0.5095523923962864
    22     16   0.4365265937284717
    23     16   0.07371961729018857
    24     16   0.09507895164019022
    25     16   0.3673927420025014
    26     16   0.10571468208179502
    27     16   0.35135995335343806
    28     16   0.47429142348840253
    29     16   0.37987754818334973
    30     16   0.30966763401981107
    31     16   0.584092836264996
    32     16   0.037842224167704414
    33     16   0.21429989781259376
    34     16   0.2070576584368231
    35     16   0.17293499711023103
    36     16   0.2993279596476307
    37     16   0.2709415774454273
    38     16   0.14085999316844627
    39     16   0.2199752856548051
    40     16   0.13774918562816493
    41     16   0.4111168637775618
    42     16   0.352396787204652
    43     16   0.14580940926010472
    44     16   0.24022378835766664
    45     16   0.1814490004897455
    46     16   -0.1359781740429402
    47     16   0.30826883700163965
    48     16   0.34923636762847565
    49     16   0.214963618829711
    50     16   0.35906784631050676
    17     17   -6.429206743192587
    18     17   0.26460364580702667
    19     17   0.22579157426619711
    20     17   0.34201109118579953
    21     17   0.4284688463504965
    22     17   0.3483491225325384
    23     17   0.33574289293090737
    24     17   0.2577666878380828
    25     17   0.33941259548408165
    26     17   0.10404458799103808
    27     17   0.3096619242716878
    28     17   0.4716491801302052
    29     17   0.5377851217460615
    30     17   0.10585922966221388
    31     17   0.46649949434200255
    32     17   0.032493889289680486
    33     17   0.18886986087424354
    34     17   0.15255994318327676
    35     17   0.226532145948035
    36     17   0.13022349636825686
    37     17   0.1974654531739808
    38     17   0.32838498754023837
    39     17   0.29318283388714317
    40     17   0.26783476318340904
    41     17   0.30546171838544217
    42     17   0.32804844931364086
    43     17   0.3956645958900189
    44     17   0.2642697251712846
    45     17   0.11520931910196483
    46     17   -0.03325948828143952
    47     17   0.20475946542785878
    48     17   0.32975153287945785
    49     17   0.2568189840426388
    50     17   0.2768144120736864
    18     18   -7.893256166177589
    19     18   0.2857773254070097
    20     18   0.37099674172123936
    21     18   0.6938636501929947
    22     18   0.4020913202912203
    23     18   0.3730001982271136
    24     18   0.16766459339367298
    25     18   0.6181481082480957
    26     18   0.202048492281371
    27     18   0.24549254361066328
    28     18   0.4500743012528812
    29     18   0.4158183728139662
    30     18   0.21938728211673425
    31     18   0.41228652261537624
    32     18   0.31675689788349765
    33     18   0.3178315446713504
    34     18   0.4312664169659093
    35     18   0.24098880171354256
    36     18   0.3874537195741791
    37     18   0.1156144586664246
    38     18   0.4022949315849089
    39     18   0.27657724543585743
    40     18   0.10090004042378926
    41     18   0.39062117646904904
    42     18   0.40896911552181514
    43     18   0.18409745102806263
    44     18   0.21813245908038828
    45     18   0.2183924619195328
    46     18   0.04500506182059311
    47     18   0.4108546164749513
    48     18   0.4550835574043468
    49     18   0.17670729575216865
    50     18   0.2462665680678455
    19     19   -5.1907249833334035
    20     19   0.21487265508102515
    21     19   0.34124839351637937
    22     19   0.27653745918364997
    23     19   0.1664870440879001
    24     19   0.08380263165965016
    25     19   0.3239252658539446
    26     19   0.08620186126304333
    27     19   0.25042087843962263
    28     19   0.3958513960608768
    29     19   0.32509777229575676
    30     19   0.12137950624658475
    31     19   0.3103339261981573
    32     19   -0.018500126801136364
    33     19   0.10046500455361651
    34     19   0.2751383100802059
    35     19   0.174724911302736
    36     19   0.1366199226407207
    37     19   0.14647335012672585
    38     19   0.2458416248685823
    39     19   0.13959422912491812
    40     19   0.23623508850693242
    41     19   0.24738917311201278
    42     19   0.19255602545418743
    43     19   0.06212786915055257
    44     19   0.22846460957644055
    45     19   0.12331261836541733
    46     19   -0.2498074662634031
    47     19   0.31451984603420907
    48     19   0.2872660082695632
    49     19   0.2637194263115701
    50     19   0.2051930448976041
    20     20   -7.873797771009219
    21     20   0.5693081552743625
    22     20   0.49212985149217164
    23     20   0.21486513192034828
    24     20   0.2098191106840852
    25     20   0.4937912551044915
    26     20   0.24074666216426047
    27     20   0.4287729765454914
    28     20   0.5243836265007302
    29     20   0.4850095613101006
    30     20   0.33169942218149845
    31     20   0.6236726235980145
    32     20   0.1713567569821164
    33     20   0.21034944870319014
    34     20   0.22501938742560065
    35     20   0.23824165091197425
    36     20   0.29916739525915015
    37     20   0.2517709170276465
    38     20   0.37424588425245303
    39     20   0.3977420970301215
    40     20   0.14183886719904726
    41     20   0.40716343216265294
    42     20   0.47772408075129674
    43     20   0.2743467455363614
    44     20   0.333250079043591
    45     20   0.267151115320804
    46     20   0.010737855753342533
    47     20   0.29229492358077674
    48     20   0.3756914309185321
    49     20   0.13393729537658147
    50     20   0.4177328115477537
    21     21   -10.577722303822046
    22     21   0.5856171817420647
    23     21   0.5101954998722944
    24     21   0.30055677091843874
    25     21   0.7086636374098498
    26     21   0.14293749319692256
    27     21   0.4147956982634415
    28     21   0.6110904899302554
    29     21   0.6279560681488546
    30     21   0.3351838859752583
    31     21   0.6531107764545823
    32     21   0.340732237974876
    33     21   0.5207943302320327
    34     21   0.4358155441713549
    35     21   0.35337733730322707
    36     21   0.4995408936164237
    37     21   0.2873812918672753
    38     21   0.35541950498133307
    39     21   0.4099319047811798
    40     21   0.24119205837455532
    41     21   0.6540874217391235
    42     21   0.6194279980170756
    43     21   0.32279224031037723
    44     21   0.2992215787147784
    45     21   0.23790367769565585
    46     21   0.05893692876692334
    47     21   0.49448039842419206
    48     21   0.5852450576729696
    49     21   0.2445460867910615
    50     21   0.4717462592518956
    22     22   -7.916339777103363
    23     22   0.2158325680712232
    24     22   0.19064992710594172
    25     22   0.5035735615000791
    26     22   0.22118559922020292
    27     22   0.40520873967127363
    28     22   0.5510258672798259
    29     22   0.5001973011339799
    30     22   0.31200388312747807
    31     22   0.6342459235157218
    32     22   0.14656865799401395
    33     22   0.2220764881321313
    34     22   0.2558006899256948
    35     22   0.23268233595654209
    36     22   0.3135101339056283
    37     22   0.24834235634234664
    38     22   0.3609521059655462
    39     22   0.3555300890494281
    40     22   0.14843687944425607
    41     22   0.41225648108620205
    42     22   0.4513820856661944
    43     22   0.27922432860657437
    44     22   0.3176469394458036
    45     22   0.24903481559038823
    46     22   -0.02757054322685789
    47     22   0.32062314740283976
    48     22   0.40770401917473514
    49     22   0.19276021266101212
    50     22   0.3876351188050793
    23     23   -6.576290832545689
    24     23   0.37315898038516415
    25     23   0.3874698452845704
    26     23   0.03077418674992347
    27     23   0.19224517517503906
    28     23   0.3337336764149133
    29     23   0.5363907037435496
    30     23   -0.06838584051460235
    31     23   0.16044633654228743
    32     23   0.1902108823494842
    33     23   0.3071725994422912
    34     23   0.24554043853269406
    35     23   0.3009085649017555
    36     23   0.08112596357342206
    37     23   0.08218117702238623
    38     23   0.40430610662540944
    39     23   0.3052018733191604
    40     23   0.37263886166911675
    41     23   0.2897878936212813
    42     23   0.3232410862150818
    43     23   0.4008012665740088
    44     23   0.2041842835095455
    45     23   0.040647778847602505
    46     23   0.08503681070912457
    47     23   0.22441041248909
    48     23   0.3223765020739889
    49     23   0.21259885625286917
    50     23   0.18994965707994405
    24     24   -4.55638795050838
    25     24   0.21997781518644338
    26     24   0.04394595214085441
    27     24   0.2052233917775934
    28     24   0.26336507345085775
    29     24   0.3900156022465964
    30     24   0.009051854902485583
    31     24   0.2090025112117353
    32     24   0.07258477906891009
    33     24   0.16391884484247637
    34     24   0.08726045317273082
    35     24   0.19870747048359558
    36     24   0.030954475169582107
    37     24   0.11206620352903171
    38     24   0.2630893824190938
    39     24   0.2538407385693678
    40     24   0.25603153877471285
    41     24   0.2051381946014521
    42     24   0.2490144450918768
    43     24   0.3068724636805619
    44     24   0.1846031800085943
    45     24   0.0532526052024411
    46     24   0.04436205275589256
    47     24   0.10839092016529249
    48     24   0.19263045533958625
    49     24   0.12818468043342013
    50     24   0.19788150049999848
    25     25   -9.588499148973863
    26     25   0.3482863894267355
    27     25   0.38171975276410997
    28     25   0.5818569396676571
    29     25   0.525555704509667
    30     25   0.289925296432189
    31     25   0.543874714679608
    32     25   0.33565800555541686
    33     25   0.24436241478246057
    34     25   0.46116192084263263
    35     25   0.29178250780424636
    36     25   0.3801535933640981
    37     25   0.1458904522451006
    38     25   0.6154319367922111
    39     25   0.42075273108156525
    40     25   0.1296899123120641
    41     25   0.3926881086432698
    42     25   0.5029235360642447
    43     25   0.25187860093616726
    44     25   0.3576154939149641
    45     25   0.3270073613156987
    46     25   0.03383116646330176
    47     25   0.43986022760974236
    48     25   0.49596545020029703
    49     25   0.17144888471821815
    50     25   0.33631752719380886
    26     26   -3.8003568404067978
    27     26   0.2062722799796342
    28     26   0.26567072566239214
    29     26   0.1712114596198201
    30     26   0.17244439282350033
    31     26   0.256242778267404
    32     26   0.154044755114616
    33     26   -0.08959052019165874
    34     26   0.18850474081750912
    35     26   0.08651499999339947
    36     26   0.11448971795040018
    37     26   0.008139804813974319
    38     26   0.4524048153365866
    39     26   0.24440270004002881
    40     26   -0.05013093972513571
    41     26   0.02403178676650552
    42     26   0.19640382095478662
    43     26   0.07336361605025102
    44     26   0.2314132054549969
    45     26   0.24842729681832382
    46     26   0.020757964609338014
    47     26   0.14503016840043667
    48     26   0.15666228810124241
    49     26   -0.012651069585002745
    50     26   0.12098545359164309
    27     27   -6.744957233058921
    28     27   0.4540948936839929
    29     27   0.4316562168349684
    30     27   0.2610638626652627
    31     27   0.5036733611369251
    32     27   0.08684783483311384
    33     27   0.12145960573819423
    34     27   0.16457660442469021
    35     27   0.22352959013094156
    36     27   0.17236614741775091
    37     27   0.22800238662981742
    38     27   0.35502109880065136
    39     27   0.36874422925642286
    40     27   0.2002133226299727
    41     27   0.3208344283610529
    42     27   0.3948573343557547
    43     27   0.22403593298464025
    44     27   0.3341626662781134
    45     27   0.22897901719278854
    46     27   -0.05504598003320977
    47     27   0.23384292187740552
    48     27   0.28203346376693567
    49     27   0.11936491168779907
    50     27   0.3848423606905474
    28     28   -9.340323730128233
    29     28   0.7063714121607682
    30     28   0.24364417340466785
    31     28   0.743463776120405
    32     28   0.07696876927386902
    33     28   0.19715335307352122
    34     28   0.30524103383831636
    35     28   0.28467889851542305
    36     28   0.2705507467514307
    37     28   0.2597168646110245
    38     28   0.5401449998169155
    39     28   0.4006174595698771
    40     28   0.25858056459394635
    41     28   0.40606977201273226
    42     28   0.4619760419312043
    43     28   0.4670963250625044
    44     28   0.40124450470831285
    45     28   0.25292915994067316
    46     28   -0.09203089532167676
    47     28   0.35994367928652554
    48     28   0.5091398062428143
    49     28   0.35841118870172367
    50     28   0.37546580739502183
    29     29   -9.440607540841192
    30     29   0.11847507421071249
    31     29   0.6682662138981555
    32     29   0.06101350279159681
    33     29   0.27029947418139944
    34     29   0.24897705957549643
    35     29   0.3368049848526609
    36     29   0.18279336818648922
    37     29   0.26023008148198373
    38     29   0.540114321656831
    39     29   0.4299139207333173
    40     29   0.39400696482371284
    41     29   0.4215012139787501
    42     29   0.46940993054103625
    43     29   0.6197423853300638
    44     29   0.3876502889549031
    45     29   0.1662337009620279
    46     29   -0.03392332558071234
    47     29   0.3041306831715698
    48     29   0.5026743439372561
    49     29   0.3996332524533595
    50     29   0.367926900473142
    30     30   -3.941468208567891
    31     30   0.3857979820534767
    32     30   0.1451692022241358
    33     30   0.10632716098450633
    34     30   0.14061857168668512
    35     30   0.08688646879692706
    36     30   0.26860924663883706
    37     30   0.16306780441863858
    38     30   0.11090811752187925
    39     30   0.20115820510263974
    40     30   -0.05185548053789153
    41     30   0.26078218103238227
    42     30   0.29017314794631005
    43     30   -0.034463348908076376
    44     30   0.1688627396399939
    45     30   0.2150977399722962
    46     30   -0.0034705364391067273
    47     30   0.1965612557413965
    48     30   0.18118182032673527
    49     30   -0.031095116415234995
    50     30   0.2838173279418497
    31     31   -8.946070983522576
    32     31   0.06045972072200361
    33     31   0.23231069105806826
    34     31   0.2243514208144429
    35     31   0.24087327228319372
    36     31   0.3679878557994773
    37     31   0.3482335602483965
    38     31   0.38461492794099683
    39     31   0.39753177228907866
    40     31   0.1566599336504115
    41     31   0.489333554748764
    42     31   0.5172745121527195
    43     31   0.45117188428875693
    44     31   0.3820855444849217
    45     31   0.27958836684126775
    46     31   -0.0636026340842844
    47     31   0.3352507437200516
    48     31   0.5082267272163932
    49     31   0.31586980810130355
    50     31   0.4626487254733704
    32     32   -3.4177298879817677
    33     32   0.15896375262141274
    34     32   0.22853837492952045
    35     32   0.11067708365766571
    36     32   0.21916756972370674
    37     32   -0.009765038597124204
    38     32   0.22251993805686598
    39     32   0.18012749104159223
    40     32   -0.048451201967782555
    41     32   0.15781598480559025
    42     32   0.23434932165960073
    43     32   -0.033361200792366354
    44     32   0.07944839516210203
    45     32   0.15396523994491548
    46     32   0.15464192686164702
    47     32   0.17995277965823678
    48     32   0.15213094178758266
    49     32   -0.10285388741621661
    50     32   0.11749751621707785
    33     33   -4.233589904378793
    34     33   0.15764988497843135
    35     33   0.1637902322218772
    36     33   0.24836770411661094
    37     33   0.1532777752023505
    38     33   -0.027804337576638156
    39     33   0.12233801011222901
    40     33   0.14902282417815418
    41     33   0.376050170288631
    42     33   0.27534475083379273
    43     33   0.15834836270532138
    44     33   0.04044676017862333
    45     33   0.009668867577657024
    46     33   0.07075600407853393
    47     33   0.20670522214629394
    48     33   0.26022855327397504
    49     33   0.12252611498955605
    50     33   0.20983727824045167
    34     34   -5.507985120891892
    35     34   0.1661028392314752
    36     34   0.24608966824515144
    37     34   0.03853400549195959
    38     34   0.35534807325480505
    39     34   0.18648757849741734
    40     34   0.06652676935721043
    41     34   0.2169601686079815
    42     34   0.2517336582125334
    43     34   0.054136067382165975
    44     34   0.17393293809472632
    45     34   0.17999987826783836
    46     34   -0.016030709560784555
    47     34   0.3154645609035291
    48     34   0.3042537480491065
    49     34   0.11314614570214213
    50     34   0.13941592979104322
    35     35   -5.036270674292474
    36     35   0.1097767216408773
    37     35   0.11628743810712616
    38     35   0.2660623573401078
    39     35   0.2411996674770913
    40     35   0.2029023029584311
    41     35   0.23545085377670932
    42     35   0.26680505365181245
    43     35   0.1958676804991364
    44     35   0.19540123433121948
    45     35   0.1057498158291931
    46     35   0.0002562878645682288
    47     35   0.18527150079132276
    48     35   0.22458074112307297
    49     35   0.11510592033741386
    50     35   0.2177215766628793
    36     36   -4.676213662405158
    37     36   0.13079167455271204
    38     36   0.10221844687772326
    39     36   0.14580719186840452
    40     36   -0.046004155302170356
    41     36   0.32480299710650906
    42     36   0.2971593150703183
    43     36   0.03556078195399311
    44     36   0.09975760923595195
    45     36   0.1639186811007604
    46     36   0.046347531565328205
    47     36   0.2710862685698803
    48     36   0.29144064021373206
    49     36   0.06063748292009855
    50     36   0.21450933582096274
    37     37   -3.5154774596935443
    38     37   0.02902419391791967
    39     37   0.15699734418863345
    40     37   0.13596679306661602
    41     37   0.26591613793862967
    42     37   0.22690202577346202
    43     37   0.1511174175097483
    44     37   0.14094555819439794
    45     37   0.07070863337636152
    46     37   -0.05004935994463387
    47     37   0.12415632593870093
    48     37   0.1736673408765345
    49     37   0.11610883431839321
    50     37   0.25158079692619395
    38     38   -7.981467167021855
    39     38   0.4597901762745574
    40     38   0.18087785845754376
    41     38   0.10920518758714522
    42     38   0.3614320867931576
    43     38   0.353699146503622
    44     38   0.425241364413758
    45     38   0.31875834118122254
    46     38   0.017595486034789366
    47     38   0.27732110655156
    48     38   0.3550030973839507
    49     38   0.15289851145582944
    50     38   0.2052899357869419
    39     39   -6.811949493497489
    40     39   0.1898074781967128
    41     39   0.26722210961500853
    42     39   0.40211747860580965
    43     39   0.2602577490891028
    44     39   0.32683090918673935
    45     39   0.23282562662946885
    46     39   0.04743837130251538
    47     39   0.20833651715444995
    48     39   0.266237019485822
    49     39   0.06092482352261199
    50     39   0.3362222978712492
    40     40   -3.978020886092341
    41     40   0.2035637418397414
    42     40   0.17978584438062917
    43     40   0.27109307764723367
    44     40   0.17856590939867498
    45     40   -0.010643480850796217
    46     40   -0.08622385928605335
    47     40   0.11418863917894752
    48     40   0.1679081151864185
    49     40   0.20793417958186264
    50     40   0.18985604098412417
    41     41   -6.882275425575617
    42     41   0.4287457446914686
    43     41   0.20643502399417613
    44     41   0.19852188891570519
    45     41   0.13216594735448114
    46     41   -0.0015417734665103832
    47     41   0.30828402815410194
    48     41   0.36641892172580476
    49     41   0.16984929029417895
    50     41   0.38650913186076025
    42     42   -7.989500856389465
    43     42   0.25270385497422426
    44     42   0.30533598817972435
    45     42   0.23892091720538147
    46     42   0.054683427634130005
    47     42   0.30378465633644197
    48     42   0.36845928330776173
    49     42   0.10274348731829784
    50     42   0.41002899468615833
    43     43   -5.250019719109129
    44     43   0.21655609051264268
    45     43   0.033550986660841595
    46     43   0.04590377470249931
    47     43   0.0840696936552798
    48     43   0.31246939976486926
    49     43   0.32232761439606855
    50     43   0.16284452552688908
    44     44   -5.862863703404825
    45     44   0.20908919497583622
    46     44   -0.051684206431266935
    47     44   0.19764900350590428
    48     44   0.2406702606812448
    49     44   0.11619841182650868
    50     44   0.2732438009265376
    45     45   -4.1122445175786435
    46     45   0.004756629116264885
    47     45   0.1758902061271
    48     45   0.17028031270652247
    49     45   -0.010488528260560582
    50     45   0.19177928862619503
    46     46   0.23343686054977109
    47     46   -0.051240584954792966
    48     46   -0.01684482007807201
    49     46   -0.12096226561111197
    50     46   -0.020332688909006493
    47     47   -6.052976840905334
    48     47   0.3276696801821757
    49     47   0.14639840346054403
    50     47   0.22990658542034584
    48     48   -7.381646364651031
    49     48   0.2624917551257846
    50     48   0.2598273744023657
    49     49   -3.4850271069859513
    50     49   0.07290773368296018
    50     50   -6.273351285208519
