%%MatrixMarket matrix coordinate real symmetric
%=================================================================================
%
% This ASCII file represents a sparse MxN matrix with L
% nonzeros in the following Matrix Market format:
%
% +----------------------------------------------+
% |%%MatrixMarket matrix coordinate real general | <--- header line
% |%                                             | <--+
% |% comments                                    |    |-- 0 or more comment lines
% |%                                             | <--+
% |    M  N  L                                   | <--- rows, columns, entries
% |    I1  J1  A(I1, J1)                         | <--+
% |    I2  J2  A(I2, J2)                         |    |
% |    I3  J3  A(I3, J3)                         |    |-- L lines
% |        . . .                                 |    |
% |    IL JL  A(IL, JL)                          | <--+
% +----------------------------------------------+
%
% Indices are 1-based, i.e. A(1,1) is the first element.
%
%=================================================================================
  50  50  1275
    1     1   -5.388828889104522
    2     1   0.18316618236046558
    3     1   0.25496622065872043
    4     1   0.22432614017606672
    5     1   0.19066718768164923
    6     1   0.18202698476123036
    7     1   0.3612359093638938
    8     1   0.5280146926626721
    9     1   0.44182026715454037
    10     1   0.1580600245356301
    11     1   0.048493476863538304
    12     1   0.017837591992609658
    13     1   0.11984172174877147
    14     1   0.10275279108433429
    15     1   0.3123141315628439
    16     1   0.15763432012320133
    17     1   0.31975328895506705
    18     1   0.3675471313048761
    19     1   0.3133983425622822
    20     1   0.23176354938098814
    21     1   0.19333115192127173
    22     1   0.3288757593500472
    23     1   0.5032080749152981
    24     1   0.17952252962488488
    25     1   -0.04284914754715929
    26     1   0.3527728374993452
    27     1   0.20540454133220362
    28     1   0.09529010908462077
    29     1   0.27436171271122817
    30     1   0.37759919097823585
    31     1   0.3675899358766517
    32     1   -0.04647445875378353
    33     1   0.24583707675231606
    34     1   0.2963648885905526
    35     1   -0.12532451202793848
    36     1   0.009302453340413509
    37     1   0.08960485610284613
    38     1   0.41852836251300396
    39     1   0.05023471723924169
    40     1   0.32122273681641866
    41     1   0.29509040143307524
    42     1   0.34419757835580633
    43     1   0.17270659915362416
    44     1   0.2393248499532768
    45     1   0.1516382645041897
    46     1   -0.04120473672789187
    47     1   0.1264269612134447
    48     1   0.2134661427462167
    49     1   0.41817825659899255
    50     1   0.24781068972522918
    2     2   -2.421163841744376
    3     2   0.1300309014037121
    4     2   0.10867531560735721
    5     2   0.039690146455436594
    6     2   0.09857017659858172
    7     2   0.18421757484264428
    8     2   0.16876569196343147
    9     2   0.19908305920584726
    10     2   0.06906685079977425
    11     2   -0.040438704020310086
    12     2   0.017283318949956872
    13     2   0.07391239621195995
    14     2   0.07674231036451826
    15     2   0.12478463559092445
    16     2   0.09982311676652161
    17     2   0.14095858188020377
    18     2   0.22004370220256445
    19     2   0.17314304154893306
    20     2   0.08054512036616089
    21     2   0.06208931040529184
    22     2   0.12325540722737877
    23     2   0.22519039011179184
    24     2   0.07945240470794172
    25     2   0.0358348230879473
    26     2   0.17582398582011965
    27     2   0.046962192894409525
    28     2   0.02648413027256202
    29     2   0.07606883168257693
    30     2   0.19046105103541597
    31     2   0.19373566281003207
    32     2   -0.0720485128685185
    33     2   0.12407333057756079
    34     2   0.08669245063491778
    35     2   -0.06501226845179184
    36     2   0.0019630864682767045
    37     2   0.010050028049930479
    38     2   0.21241636472534314
    39     2   0.039281503733612756
    40     2   0.15399548091429124
    41     2   0.09835326200318648
    42     2   0.17867446934981512
    43     2   0.06670981758924825
    44     2   0.12755150338451887
    45     2   0.08024677226414866
    46     2   -0.009726618951025081
    47     2   0.07150426968194108
    48     2   0.0684800429638454
    49     2   0.19029739201271226
    50     2   0.09540370025258701
    3     3   -4.175242084768135
    4     3   0.1786210726302833
    5     3   0.08336050222446593
    6     3   0.1488252722499209
    7     3   0.31953754173401694
    8     3   0.2771630599872761
    9     3   0.35399568423597566
    10     3   0.225941795163887
    11     3   0.06830579157265813
    12     3   0.05470452945426608
    13     3   0.009969553940369478
    14     3   0.20065116507262862
    15     3   0.15121049838162376
    16     3   0.05652621025431594
    17     3   0.2727184805688272
    18     3   0.4832234966340414
    19     3   0.29786676514444377
    20     3   0.027448916723709187
    21     3   0.17214787309293095
    22     3   0.3059336576575789
    23     3   0.3230127566326355
    24     3   0.22690694469472533
    25     3   0.20895553537312656
    26     3   0.28901146350514156
    27     3   0.055798729437015214
    28     3   0.15955310642123685
    29     3   0.25662119090073215
    30     3   0.26452547706186286
    31     3   0.33763298416677745
    32     3   -0.010016632158475081
    33     3   0.21498541827954942
    34     3   0.041110465747415205
    35     3   -0.051679304926864664
    36     3   0.02134316523691372
    37     3   -0.10289788833154764
    38     3   0.3195944515121632
    39     3   0.06093752179450374
    40     3   0.23105193408329297
    41     3   0.2237160873396166
    42     3   0.21240667051206286
    43     3   0.15741090394228896
    44     3   0.252555544759786
    45     3   0.05560367599368411
    46     3   0.07880321868512746
    47     3   0.05317942352244405
    48     3   0.08583276945693792
    49     3   0.1471684889362453
    50     3   0.164211078172221
    4     4   -2.9343949015507738
    5     4   0.06482960433786929
    6     4   0.09778031106096112
    7     4   0.22008171267198567
    8     4   0.2468870844703481
    9     4   0.23762424399562904
    10     4   0.12087262187128514
    11     4   -0.014493289968718013
    12     4   0.013893986627334404
    13     4   0.04870206633787832
    14     4   0.09331491217320619
    15     4   0.13847942488383802
    16     4   0.08279634400255331
    17     4   0.1652657858384106
    18     4   0.27333985912091585
    19     4   0.20726993701068075
    20     4   0.08227180576006392
    21     4   0.09884941488217418
    22     4   0.17733961325393988
    23     4   0.26713299002575297
    24     4   0.12359287122550776
    25     4   0.03131414451748157
    26     4   0.2037902817503946
    27     4   0.0707801037452779
    28     4   0.06118003776952162
    29     4   0.13242654808931315
    30     4   0.21282748361242249
    31     4   0.23308221546076746
    32     4   -0.05552976414250245
    33     4   0.14609909619655437
    34     4   0.09795549045556749
    35     4   -0.0806445252431402
    36     4   -0.0006378563524753983
    37     4   0.005579697604310718
    38     4   0.24339962910242288
    39     4   0.02712418946158709
    40     4   0.1840524616351934
    41     4   0.15083703296230982
    42     4   0.1866805208029042
    43     4   0.10197785753434165
    44     4   0.15097647601266106
    45     4   0.060297590380370504
    46     4   -0.009974216112530082
    47     4   0.054803972758384285
    48     4   0.08083101344491928
    49     4   0.1956757760335221
    50     4   0.12643071762664382
    5     5   -3.16229611675715
    6     5   0.11238615907308219
    7     5   0.11318840492001675
    8     5   0.2997807267101772
    9     5   0.2666840844625908
    10     5   -0.004316455065207071
    11     5   0.2636167730419625
    12     5   0.037770797896417414
    13     5   0.07306279854926247
    14     5   0.011137130677984743
    15     5   0.241559773882212
    16     5   0.052536302271150755
    17     5   0.2583974866023872
    18     5   0.04576723434352899
    19     5   0.04154319473631134
    20     5   0.19386944728177283
    21     5   0.1433765265474219
    22     5   0.23532218129461818
    23     5   0.22699895269752815
    24     5   0.03775717423997466
    25     5   -0.0019716024589927082
    26     5   0.15808714942305674
    27     5   0.19522194938674056
    28     5   0.08616803521117936
    29     5   0.24907029777679085
    30     5   0.1463082658008724
    31     5   0.08869124512180795
    32     5   0.15604285944674146
    33     5   0.10454850696048423
    34     5   0.25092732092444303
    35     5   0.039333462344714416
    36     5   0.05387655507976561
    37     5   0.08190024129654484
    38     5   0.14980823398186816
    39     5   0.07518409969828978
    40     5   0.09521453071745867
    41     5   0.16770956929366207
    42     5   0.1440088840182631
    43     5   0.07682347680094792
    44     5   0.1073467303835686
    45     5   0.15645951438056016
    46     5   0.05240667769319355
    47     5   0.11784956038126514
    48     5   0.19999722203811718
    49     5   0.20238630739379423
    50     5   0.14220700555654942
    6     6   -3.18190816800747
    7     6   0.21608387102127286
    8     6   0.0857046327054954
    9     6   0.31626043904355117
    10     6   -0.04489797453569036
    11     6   0.08424451481665175
    12     6   0.13617966774615725
    13     6   0.23651065995592332
    14     6   0.049419111446409904
    15     6   0.16019327686592527
    16     6   0.12286464323701171
    17     6   0.2590002459120535
    18     6   0.1760269785287069
    19     6   0.1054716205286611
    20     6   0.05050260186304271
    21     6   0.10301153736468606
    22     6   0.10218047948019099
    23     6   0.21605699085673558
    24     6   0.06645393002620892
    25     6   0.18255130247215948
    26     6   0.1685089428798255
    27     6   0.03306421608516723
    28     6   0.028674734813778878
    29     6   0.2247544308201577
    30     6   0.17264610103682151
    31     6   0.1332838581623032
    32     6   -0.04787175104423537
    33     6   0.10464109497667355
    34     6   0.2940683352588165
    35     6   0.21267041006695833
    36     6   0.08436627585268483
    37     6   -0.10641182863275277
    38     6   0.17919487223615882
    39     6   0.1336671979057971
    40     6   0.1627253770132359
    41     6   0.14862323881410675
    42     6   0.22404677864753703
    43     6   -0.09391056187097487
    44     6   0.14242894770396922
    45     6   0.21430305932077723
    46     6   0.07693377601669081
    47     6   0.15635222387412026
    48     6   0.20394262692855372
    49     6   0.21973734561744973
    50     6   0.029969200452389967
    7     7   -5.222164533575681
    8     7   0.35597993890456503
    9     7   0.44120865299965306
    10     7   0.17255183786635073
    11     7   0.013617008080139239
    12     7   0.05689263744201213
    13     7   0.11892804708001746
    14     7   0.18390913726869
    15     7   0.2549697451138438
    16     7   0.16246095479987452
    17     7   0.33344926997274466
    18     7   0.4876258326502334
    19     7   0.3475368817660195
    20     7   0.1371830880323875
    21     7   0.1681287812119048
    22     7   0.3111372958057007
    23     7   0.449032878268068
    24     7   0.19724190364548638
    25     7   0.14615399123690337
    26     7   0.3657799367911641
    27     7   0.10382488446195538
    28     7   0.10914501062353979
    29     7   0.23769359640428683
    30     7   0.37237466871592567
    31     7   0.39666677958878155
    32     7   -0.0774828065745024
    33     7   0.26112686543044533
    34     7   0.16602494524244282
    35     7   -0.08536068460526135
    36     7   0.022993298877268493
    37     7   -0.027011154008505654
    38     7   0.42282800973567986
    39     7   0.09311635605883167
    40     7   0.3041955489714864
    41     7   0.23714936513006998
    42     7   0.33937160811729983
    43     7   0.1508177413129395
    44     7   0.28392863629201837
    45     7   0.1560249152990147
    46     7   0.033741007958132015
    47     7   0.1362415068929966
    48     7   0.15359856891626278
    49     7   0.3319830818580312
    50     7   0.2032044829626329
    8     8   -5.617943114344451
    9     8   0.4477133965590973
    10     8   0.27094209478798537
    11     8   0.15546582333447076
    12     8   -0.042068555479505644
    13     8   0.0016461805861662248
    14     8   0.048495572026191196
    15     8   0.335183006985515
    16     8   0.05670579565849617
    17     8   0.29933469999315665
    18     8   0.3208597433904559
    19     8   0.3075312520397244
    20     8   0.2777044542037601
    21     8   0.2853556677176024
    22     8   0.4387062981889529
    23     8   0.5621930555220975
    24     8   0.2548411958587429
    25     8   -0.2421350061749014
    26     8   0.33888895595218893
    27     8   0.33449828084793076
    28     8   0.16866616575061563
    29     8   0.41562788824263125
    30     8   0.35748320740579237
    31     8   0.36997732906978537
    32     8   0.05429046338860822
    33     8   0.23861432372400326
    34     8   0.3786995749358492
    35     8   -0.19508789479715302
    36     8   -0.017739464992229403
    37     8   0.17718957706669333
    38     8   0.4060795094611831
    39     8   -0.04708079322735526
    40     8   0.3489059102581758
    41     8   0.4420682419408165
    42     8   0.2835456069952857
    43     8   0.2715289930191916
    44     8   0.2072464278276057
    45     8   0.04124334680297682
    46     8   -0.10822657833220908
    47     8   0.02912318497340587
    48     8   0.25397081705418245
    49     8   0.4132535507941483
    50     8   0.3323491019248043
    9     9   -7.6316506322468705
    10     9   0.08237581039533634
    11     9   0.265012130459745
    12     9   0.11391971055237816
    13     9   0.21907032692656528
    14     9   0.22594385449880838
    15     9   0.4823414737043259
    16     9   0.25561054301807046
    17     9   0.5944880735381922
    18     9   0.5089983297970219
    19     9   0.34793057939484834
    20     9   0.319275689064822
    21     9   0.2419959871559635
    22     9   0.4881622261920496
    23     9   0.5908000909320869
    24     9   0.15560887456094802
    25     9   0.26655647182161085
    26     9   0.5075554029604606
    27     9   0.23273278602389905
    28     9   0.15774803610819982
    29     9   0.3722511113182679
    30     9   0.49546259408206444
    31     9   0.4414053781144623
    32     9   0.08192786896961303
    33     9   0.3554253867797484
    34     9   0.3074288249863398
    35     9   -0.02917452678427238
    36     9   0.09210827184608647
    37     9   0.030039453028901396
    38     9   0.5401214783101714
    39     9   0.2289206626708737
    40     9   0.3268541689788298
    41     9   0.27295451947903954
    42     9   0.4761258626474856
    43     9   0.1943355036465347
    44     9   0.393539459575765
    45     9   0.3724152561176427
    46     9   0.1482043758589126
    47     9   0.31131572072042973
    48     9   0.3046117089213779
    49     9   0.4898271068496199
    50     9   0.2966848536136308
    10     10   -1.1916330164530131
    11     10   -0.07928253746387375
    12     10   -0.04251220790279395
    13     10   -0.1440365716254094
    14     10   0.09174959926815944
    15     10   -0.04750597241130538
    16     10   -0.08105463065321253
    17     10   -0.011856701640554636
    18     10   0.30566504096306263
    19     10   0.2084189096078828
    20     10   -0.08534157117340663
    21     10   0.10895755738368093
    22     10   0.14946803083331514
    23     10   0.14873895446642463
    24     10   0.2244204109160826
    25     10   -0.03923851524538264
    26     10   0.09546174697704257
    27     10   0.01132506174547576
    28     10   0.11721546400887284
    29     10   0.13824754164470449
    30     10   0.08640750286141279
    31     10   0.20898551945110544
    32     10   -0.062230391261108776
    33     10   0.08254388444988689
    34     10   -0.06371165535465342
    35     10   -0.13751479186844898
    36     10   -0.0537626979659838
    37     10   -0.06048041492179814
    38     10   0.13444760938956193
    39     10   -0.10688388252528798
    40     10   0.15104745737794542
    41     10   0.19259474139376895
    42     10   0.012655542482042162
    43     10   0.14764829041215918
    44     10   0.08404397090738136
    45     10   -0.18076854426922231
    46     10   -0.05853898335821727
    47     10   -0.1414173578080084
    48     10   -0.04409321311486423
    49     10   -0.02389637563274517
    50     10   0.09675360674298433
    11     11   -2.839435367939889
    12     11   0.07890557857104344
    13     11   0.03306341989527903
    14     11   0.04756684818865955
    15     11   0.2706783393508666
    16     11   0.01052507061918049
    17     11   0.35268610484830104
    18     11   -0.02142138859969322
    19     11   -0.0748005494288408
    20     11   0.19989154258307465
    21     11   0.15225501075490178
    22     11   0.2998862491764989
    23     11   0.11012645351868487
    24     11   -0.025141361600524537
    25     11   0.18412640382083884
    26     11   0.13154493254104657
    27     11   0.2049161861610643
    28     11   0.14441835446281906
    29     11   0.29128358411729194
    30     11   0.06982567271770856
    31     11   -0.010827549473985062
    32     11   0.36140130359037154
    33     11   0.08971073948543913
    34     11   0.16378360115860793
    35     11   0.13452704186084613
    36     11   0.10845710215023807
    37     11   0.04362123422131145
    38     11   0.06260027287465814
    39     11   0.15917566216223872
    40     11   -0.034926433168271695
    41     11   0.0935998004875522
    42     11   0.06950529555583634
    43     11   0.0834645215615362
    44     11   0.12111679025090492
    45     11   0.22421379829972612
    46     11   0.20758085603413828
    47     11   0.17314545920672442
    48     11   0.20570579479518916
    49     11   0.07127979656115052
    50     11   0.12685820985110044
    12     12   -1.0801007870981225
    13     12   0.08743506202317451
    14     12   0.03566473572970944
    15     12   0.05560712139214454
    16     12   0.04046242717204141
    17     12   0.11842161012442444
    18     12   0.059475511530650324
    19     12   0.011385494624100038
    20     12   0.00405642218699174
    21     12   0.031420777352402104
    22     12   0.04000665279907608
    23     12   0.038796105697234656
    24     12   0.00605709474395258
    25     12   0.14334853852208096
    26     12   0.05395520653088792
    27     12   -0.005811350657859441
    28     12   0.020114909742777343
    29     12   0.08201244246649932
    30     12   0.042216127308832466
    31     12   0.02397610885453242
    32     12   0.020680262431663352
    33     12   0.03382598713891021
    34     12   0.07341655142418894
    35     12   0.1165570276120267
    36     12   0.04823693448921513
    37     12   -0.06882184061025179
    38     12   0.04194668775968166
    39     12   0.07947911874937753
    40     12   0.02435955739750877
    41     12   0.02261213551514354
    42     12   0.06589183050068795
    43     12   -0.047063007089015896
    44     12   0.05950512123870969
    45     12   0.10213583545720022
    46     12   0.0770352989592578
    47     12   0.07682814493452092
    48     12   0.06933113355568842
    49     12   0.038991480617434356
    50     12   -0.006154739879231195
    13     13   -2.200270997608715
    14     13   0.014730772214242951
    15     13   0.18651570932355868
    16     13   0.17925521875944023
    17     13   0.20624100581062846
    18     13   0.041828930181388765
    19     13   0.04740556334052246
    20     13   0.13845410497788405
    21     13   0.015531397871321895
    22     13   0.03270504751376197
    23     13   0.16919532828232597
    24     13   -0.05465355887445782
    25     13   0.1035670012924526
    26     13   0.13971844426737381
    27     13   0.0426759434251103
    28     13   -0.04942229333621818
    29     13   0.04984151264603658
    30     13   0.1626532004886787
    31     13   0.0722569576451836
    32     13   -0.048511525197695464
    33     13   0.0831022673580544
    34     13   0.22609242830814777
    35     13   0.10850298600812579
    36     13   0.06313062427944872
    37     13   0.013007054740364543
    38     13   0.1517269483749244
    39     13   0.1423888495245166
    40     13   0.09253211301835862
    41     13   0.013137011311161151
    42     13   0.22001975755962289
    43     13   -0.07809047332321478
    44     13   0.09609357954753422
    45     13   0.254043856819814
    46     13   0.045794447899579815
    47     13   0.20117862214219634
    48     13   0.15786794041893434
    49     13   0.2569233005058654
    50     13   0.024996258462497638
    14     14   -2.67771366174218
    15     14   0.1375643009819998
    16     14   0.09899252573265642
    17     14   0.2214962860155984
    18     14   0.3424356873951932
    19     14   0.19850616743770208
    20     14   0.06056568838585429
    21     14   0.06049631320574581
    22     14   0.20604333939720462
    23     14   0.19123086694050187
    24     14   0.08137973262518282
    25     14   0.24525281168247431
    26     14   0.22838247496491304
    27     14   0.009534908621489398
    28     14   0.08450093845222802
    29     14   0.058902193465486585
    30     14   0.20569066604558306
    31     14   0.23183710318893747
    32     14   0.015348434432396661
    33     14   0.1726478168048713
    34     14   -0.09661190303409287
    35     14   -0.09094298411803454
    36     14   0.020345166895962805
    37     14   -0.04852928393740487
    38     14   0.23944381938629206
    39     14   0.10411843545364971
    40     14   0.10482018272736009
    41     14   0.029365970524435646
    42     14   0.16956955492366776
    43     14   0.13509380580651995
    44     14   0.20396094157001401
    45     14   0.1091345518439917
    46     14   0.11076362007843696
    47     14   0.10933701898845202
    48     14   0.011436750894457068
    49     14   0.09969834499005019
    50     14   0.11153713470104049
    15     15   -5.710972585779766
    16     15   0.2526492548128498
    17     15   0.4861540535651648
    18     15   0.24619343366635746
    19     15   0.1954688370090845
    20     15   0.3865948164921605
    21     15   0.14533623778049135
    22     15   0.37998141111158734
    23     15   0.45066195084232413
    24     15   0.002381803817435311
    25     15   0.13936333327390898
    26     15   0.39325314115639837
    27     15   0.2504680908992523
    28     15   0.07789132580999569
    29     15   0.199942175499211
    30     15   0.392034548177981
    31     15   0.27956680431034625
    32     15   0.1415014670160752
    33     15   0.27206408175994506
    34     15   0.2414514404783648
    35     15   -0.0915822001783262
    36     15   0.07348377187926308
    37     15   0.16062312325161615
    38     15   0.4072801072964888
    39     15   0.21219221631599328
    40     15   0.18788898436317314
    41     15   0.12084842536286729
    42     15   0.3838983388709885
    43     15   0.18266456219225485
    44     15   0.280598547676878
    45     15   0.3739068317198851
    46     15   0.11595119579541875
    47     15   0.3183889952404641
    48     15   0.25177983078934124
    49     15   0.44800799421107046
    50     15   0.25916077368490503
    16     16   -2.9392787401595952
    17     16   0.2536394235061748
    18     16   0.17249213608820022
    19     16   0.1458652506890801
    20     16   0.21313535516609775
    21     16   0.011579682051732914
    22     16   0.13008211570429679
    23     16   0.2544963866015574
    24     16   -0.04363640065248431
    25     16   0.12496899604116248
    26     16   0.24163575956611205
    27     16   0.06996277835603103
    28     16   -0.02631252574575387
    29     16   -0.01615867608264923
    30     16   0.2621399742340118
    31     16   0.18453101924619852
    32     16   -0.035615698288303466
    33     16   0.16555727343910115
    34     16   0.09132480953158474
    35     16   -0.07476683362602275
    36     16   0.03464371705953881
    37     16   0.07969087723748305
    38     16   0.26787637291164895
    39     16   0.15298827511525764
    40     16   0.11807582941070412
    41     16   -0.020365120292470198
    42     16   0.27722290277791434
    43     16   0.06049128411910995
    44     16   0.1710007629414011
    45     16   0.2618189264533283
    46     16   0.05337494940285339
    47     16   0.22936393787674988
    48     16   0.10488978096458305
    49     16   0.3050257754151618
    50     16   0.1097502865256462
    17     17   -6.802377812737319
    18     17   0.3978675742288518
    19     17   0.2474623385581669
    20     17   0.33989208985296687
    21     17   0.19572341919083336
    22     17   0.4618236247885617
    23     17   0.4825638126071493
    24     17   0.06210290778351607
    25     17   0.33354647037863067
    26     17   0.4599796543595876
    27     17   0.2224895179684024
    28     17   0.14299644261635405
    29     17   0.30274130127857485
    30     17   0.4312306155332565
    31     17   0.34369510747746485
    32     17   0.17513635219904333
    33     17   0.3225692187711082
    34     17   0.2270380465455867
    35     17   -0.005987552049462037
    36     17   0.1119006456468393
    37     17   0.04804803507831043
    38     17   0.4601179929821241
    39     17   0.2743452220789183
    40     17   0.21709355946450706
    41     17   0.16130561836936083
    42     17   0.4216975034953606
    43     17   0.18169073652392365
    44     17   0.36609962485660563
    45     17   0.4187606961050511
    46     17   0.21402770579399863
    47     17   0.3531825379603288
    48     17   0.27866480546541916
    49     17   0.4194956695724204
    50     17   0.26530663450209635
    18     18   -5.937705816894196
    19     18   0.49807236779587777
    20     18   0.08093557059899649
    21     18   0.18666104455541288
    22     18   0.41966540387398177
    23     18   0.5041274305246853
    24     18   0.28783943934335154
    25     18   0.33950484835207734
    26     18   0.4788104205178142
    27     18   0.042216242465385426
    28     18   0.18182479210520577
    29     18   0.2279996930973216
    30     18   0.45987293787271144
    31     18   0.5555205496180414
    32     18   -0.09385870077036762
    33     18   0.3571999908418363
    34     18   -0.042414722776509754
    35     18   -0.18775254451908235
    36     18   0.010769992192007208
    37     18   -0.11354822860916942
    38     18   0.5434646656730849
    39     18   0.11957433016608462
    40     18   0.34879788732309214
    41     18   0.22913690508225576
    42     18   0.38003885125161446
    43     18   0.26269408178567283
    44     18   0.40609537804925205
    45     18   0.12734271944850414
    46     18   0.10598548005650102
    47     18   0.13275861878313902
    48     18   0.06829734713002225
    49     18   0.2795220318983826
    50     18   0.25028757663485374
    19     19   -4.266912150130857
    20     19   0.10750569237186605
    21     19   0.1225952274825523
    22     19   0.2737422227760274
    23     19   0.40050880431286123
    24     19   0.18996296578675703
    25     19   0.11501424453308373
    26     19   0.3387339826145328
    27     19   0.06492159152805015
    28     19   0.09301523274486252
    29     19   0.13210107831664666
    30     19   0.3485633656108626
    31     19   0.39866507194364453
    32     19   -0.11021600445069467
    33     19   0.24893797700497414
    34     19   0.03087736041085868
    35     19   -0.18688858226473065
    36     19   -0.013431221614901448
    37     19   -0.008282922102365413
    38     19   0.40361448681262974
    39     19   0.05323293994455305
    40     19   0.2753824954492006
    41     19   0.1765203639623574
    42     19   0.29416074131292386
    43     19   0.19197126533560965
    44     19   0.2618338716800585
    45     19   0.08464851367360485
    46     19   0.004464486460515515
    47     19   0.08937928503843935
    48     19   0.06299267204281335
    49     19   0.27419970902629326
    50     19   0.1956213881523467
    20     20   -3.9006910402102983
    21     20   0.07952219440400433
    22     20   0.26619250643584436
    23     20   0.337240942292308
    24     20   -0.06080460153031004
    25     20   0.002402434785795995
    26     20   0.2797986256730241
    27     20   0.2325748538132664
    28     20   0.02072331423610128
    29     20   0.08422370258279711
    30     20   0.29271894354950495
    31     20   0.17218401633327518
    32     20   0.12454608732965412
    33     20   0.1910028848201003
    34     20   0.19267335136304403
    35     20   -0.1351474635251252
    36     20   0.04074486491384189
    37     20   0.2204028641265567
    38     20   0.29296211023072827
    39     20   0.14919329444173077
    40     20   0.11284232865773808
    41     20   0.04861006229272896
    42     20   0.2874954289060052
    43     20   0.15813101886672637
    44     20   0.17551755688936815
    45     20   0.298448999907157
    46     20   0.04895471231010674
    47     20   0.25749723677333
    48     20   0.1890998150543908
    49     20   0.3833406912795587
    50     20   0.21203491908815067
    21     21   -2.926331970131036
    22     21   0.22240445444639964
    23     21   0.21863651896832356
    24     21   0.12558627900164526
    25     21   0.035991338025120514
    26     21   0.15833956373879254
    27     21   0.11986347920515111
    28     21   0.11116913976646368
    29     21   0.24412087884245484
    30     21   0.14312134845318977
    31     21   0.15590330525330437
    32     21   0.07209858822613509
    33     21   0.11244884958099016
    34     21   0.15396000286491443
    35     21   0.00938786827600699
    36     21   0.027303552406748453
    37     21   -0.0051400133077019895
    38     21   0.1664615178967305
    39     21   0.028182971319084968
    40     21   0.13533811014207303
    41     21   0.1967308032560306
    42     21   0.11867314815961692
    43     21   0.0919167210467347
    44     21   0.12474755826854082
    45     21   0.053388655855668925
    46     21   0.034297200758299756
    47     21   0.03757571637274257
    48     21   0.12865996430914456
    49     21   0.1275596594899227
    50     21   0.12557164730721776
    22     22   -5.929171860226251
    23     22   0.45104466583325775
    24     22   0.15294864087710283
    25     22   0.18279076152340387
    26     22   0.4007893779957242
    27     22   0.23225209186040613
    28     22   0.19186407684560172
    29     22   0.31804197596776285
    30     22   0.3672225219777933
    31     22   0.3554486252378116
    32     22   0.17662878244550126
    33     22   0.2913243964394195
    34     22   0.13080828521235804
    35     22   -0.12582701837421684
    36     22   0.05143343936563831
    37     22   0.06567452352413888
    38     22   0.41283273220073385
    39     22   0.1409914817410124
    40     22   0.22077012302042096
    41     22   0.23039413996142863
    42     22   0.3050723032815598
    43     22   0.2708346096158624
    44     22   0.3153758730200072
    45     22   0.21512643691127425
    46     22   0.13216149786800074
    47     22   0.1899390327654887
    48     22   0.19442368704521215
    49     22   0.303938858239558
    50     22   0.2911238207432287
    23     23   -7.112681375605603
    24     23   0.17633648701895904
    25     23   0.07620413414199685
    26     23   0.49767189859096
    27     23   0.24785742770684033
    28     23   0.12110301392641397
    29     23   0.2920868422715067
    30     23   0.5161587030468033
    31     23   0.4813351034577167
    32     23   -0.012808366922253527
    33     23   0.3505610604522761
    34     23   0.2882367247247718
    35     23   -0.17999642875635083
    36     23   0.03132408459663864
    37     23   0.11587895473315245
    38     23   0.5668616503235411
    39     23   0.13869212170887762
    40     23   0.37070673082397443
    41     23   0.28860329370583326
    42     23   0.4739161681493205
    43     23   0.24662552147295125
    44     23   0.3551317786410162
    45     23   0.27837203347641765
    46     23   0.025070087520089497
    47     23   0.2417509123544461
    48     23   0.2544346250052559
    49     23   0.5370124654602256
    50     23   0.32524132273019163
    24     24   -1.9142328624448959
    25     24   0.013979779475730543
    26     24   0.11652466970534649
    27     24   0.023511652392673048
    28     24   0.10973058938734041
    29     24   0.194112387110621
    30     24   0.10816670538453789
    31     24   0.1981750782300099
    32     24   -0.053565767433686115
    33     24   0.09013152559899605
    34     24   0.04392570135132777
    35     24   -0.03739391952232549
    36     24   -0.017510691389696416
    37     24   -0.08356525000386626
    38     24   0.14852178326669416
    39     24   -0.05381217011371695
    40     24   0.16633626497231216
    41     24   0.21063689320210213
    42     24   0.06317257211965849
    43     24   0.08908174486320132
    44     24   0.10260667431325139
    45     24   -0.09341292658842117
    46     24   -0.025158934479884217
    47     24   -0.07878456005823624
    48     24   0.02850790015514575
    49     24   0.03311171807688458
    50     24   0.08527863703316296
    25     25   -2.483974182108035
    26     25   0.21726798460726143
    27     25   -0.07533918170147351
    28     25   0.09311315570677067
    29     25   0.07315804103837303
    30     25   0.15825225260163736
    31     25   0.15566794136236262
    32     25   0.09353712760726268
    33     25   0.16217956436249595
    34     25   -0.1387951467768706
    35     25   0.11715306934746642
    36     25   0.1000315501627184
    37     25   -0.18959278890321016
    38     25   0.17921810049763118
    39     25   0.24253741857117928
    40     25   0.014773169695859354
    41     25   -0.0720709083564227
    42     25   0.16537588578987017
    43     25   0.02645272467617437
    44     25   0.2429322217454298
    45     25   0.24675538025796862
    46     25   0.285507686817549
    47     25   0.21655795392787422
    48     25   0.032971393872349646
    49     25   0.008307467480492828
    50     25   0.026763206893769147
    26     26   -6.0696838110609885
    27     26   0.16891011673016412
    28     26   0.11261932862304543
    29     26   0.19743491962744078
    30     26   0.4454220247518885
    31     26   0.41360427844986397
    32     26   0.028613606586853458
    33     26   0.3211860976635944
    34     26   0.1275268607676813
    35     26   -0.152660886010765
    36     26   0.044645206319052326
    37     26   0.061639529208040784
    38     26   0.4898183062581248
    39     26   0.17994289374171346
    40     26   0.2683171049311208
    41     26   0.16136126006085078
    42     26   0.4074915058343018
    43     26   0.22428300946660965
    44     26   0.3438205112717975
    45     26   0.28743043608297414
    46     26   0.10489008985430809
    47     26   0.25662160185898475
    48     26   0.17842128069678342
    49     26   0.40996917229878427
    50     26   0.26597252666024895
    27     27   -2.942793384450149
    28     27   0.06601870352460287
    29     27   0.17926359519513976
    30     27   0.16928177285995566
    31     27   0.11057145980210908
    32     27   0.13295819614470322
    33     27   0.11483996460815452
    34     27   0.20477324517373224
    35     27   -0.06597876550343887
    36     27   0.024779193190361627
    37     27   0.14715317804654557
    38     27   0.17463168569652301
    39     27   0.04934046810274384
    40     27   0.09928189506471416
    41     27   0.14129046019633512
    42     27   0.1515921175638041
    43     27   0.1263430347024915
    44     27   0.10046327325222741
    45     27   0.13433966570800668
    46     27   0.009266670166839228
    47     27   0.10874838545830166
    48     27   0.16508140218045278
    49     27   0.23226335738673384
    50     27   0.16866671564522995
    28     28   -1.9323741170940338
    29     28   0.17848905041524846
    30     28   0.08231348827144379
    31     28   0.11814339986694856
    32     28   0.09425066609137595
    33     28   0.0866837039639036
    34     28   0.0150681153670436
    35     28   -0.009009667947085645
    36     28   0.0188733371187475
    37     28   -0.037454430825221034
    38     28   0.1064289276021726
    39     28   0.02102048167047939
    40     28   0.06961350943368726
    41     28   0.1264446521063199
    42     28   0.04639170699362612
    43     28   0.10177337822794462
    44     28   0.10593139975390883
    45     28   0.005721066703582577
    46     28   0.06520099755632536
    47     28   0.005250669451366742
    48     28   0.05178821836662545
    49     28   0.013688993320535844
    50     28   0.09264324174635034
    29     29   -4.223374053703379
    30     29   0.16659074959686485
    31     29   0.18054275749789456
    32     29   0.13697026311025887
    33     29   0.13562175134178772
    34     29   0.30866945090620374
    35     29   0.127937204188628
    36     29   0.06646912753100903
    37     29   -0.053767639515439315
    38     29   0.19483737976796753
    39     29   0.04885365160433172
    40     29   0.18953060224377882
    41     29   0.33085353589254346
    42     29   0.14894846388429767
    43     29   0.07584125375094003
    44     29   0.16408950007861273
    45     29   0.08632513813508466
    46     29   0.07240241765888789
    47     29   0.04874810616448782
    48     29   0.23650064575763163
    49     29   0.1585734778873102
    50     29   0.1554904224772248
    30     30   -5.947332023946181
    31     30   0.4186975428491958
    32     30   -0.02137244684346636
    33     30   0.3162357421112518
    34     30   0.15780727817280527
    35     30   -0.17384023021104672
    36     30   0.03250456461229292
    37     30   0.08738767644032495
    38     30   0.5002091420300709
    39     30   0.16437679885965112
    40     30   0.2880598821997251
    41     30   0.1606967779935597
    42     30   0.4261505699724406
    43     30   0.2114861993888243
    44     30   0.3285398634445851
    45     30   0.28524796444438155
    46     30   0.06275357583540908
    47     30   0.25469753575682447
    48     30   0.18009325072890944
    49     30   0.4522364365675282
    50     30   0.2631247624650249
    31     31   -5.370225557118175
    32     31   -0.07276122593700156
    33     31   0.3018100658099536
    34     31   0.06580331235632317
    35     31   -0.20047297737695996
    36     31   0.0020959858025503507
    37     31   0.012170138871130741
    38     31   0.4783048453898166
    39     31   0.09367399038957037
    40     31   0.3081711887308272
    41     31   0.20360816475317556
    42     31   0.3596170285959883
    43     31   0.23175915090510743
    44     31   0.31916568647209714
    45     31   0.14925668295638148
    46     31   0.03560222769975153
    47     31   0.14463594836273982
    48     31   0.10768238809601753
    49     31   0.3440530231244416
    50     31   0.24572990026110952
    32     32   -0.8709105666241145
    33     32   0.021993890443060257
    34     32   0.020272153435255024
    35     32   0.05094230152402039
    36     32   0.0588405104211548
    37     32   0.05872532468925242
    38     32   -0.032029510310828894
    39     32   0.08229600006109225
    40     32   -0.09678874860944646
    41     32   0.005589364716271856
    42     32   -0.033313275179032
    43     32   0.07804914667527559
    44     32   0.0357211386124638
    45     32   0.10318151897966024
    46     32   0.1409271498417734
    47     32   0.08198306666749224
    48     32   0.08455987069437375
    49     32   -0.035662841255228624
    50     32   0.07096579547195642
    33     33   -4.317862339016281
    34     33   0.06532619355322901
    35     33   -0.12269400779816372
    36     33   0.02779985806855085
    37     33   0.03947718865712972
    38     33   0.35044328730798613
    39     33   0.1237509566694575
    40     33   0.18917481125954086
    41     33   0.11216410387560924
    42     33   0.2833017818198936
    43     33   0.17188258022662758
    44     33   0.24865819742388673
    45     33   0.19199674761893168
    46     33   0.07729039245262406
    47     33   0.17426086052996698
    48     33   0.11362608866204374
    49     33   0.2776720481169507
    50     33   0.19206375566085068
    34     34   -3.2839945397762897
    35     34   0.16812681759871326
    36     34   0.06418909547193076
    37     34   0.07788327689381092
    38     34   0.14754499365477147
    39     34   0.05292923785161413
    40     34   0.18195729172849134
    41     34   0.2587568241460593
    42     34   0.20867711986647375
    43     34   -0.06532063218165883
    44     34   0.05553921627354156
    45     34   0.1904695343456147
    46     34   -0.04590613403757648
    47     34   0.12325062381963924
    48     34   0.30766680327541585
    49     34   0.3383104347226395
    50     34   0.09734079418285255
    35     35   1.1624060212090979
    36     35   0.08072409183384537
    37     35   -0.16336134731285432
    38     35   -0.20220777713070795
    39     35   0.046468977811887115
    40     35   -0.08608468826840764
    41     35   0.014438825482866019
    42     35   -0.09946040726376905
    43     35   -0.23446705902293827
    44     35   -0.08688067114619463
    45     35   0.04300629365452867
    46     35   0.08256551374260951
    47     35   0.0007153927292161575
    48     35   0.08903519019109034
    49     35   -0.13164795506974503
    50     35   -0.15205404099112058
    36     36   -0.9257713915632412
    37     36   -0.02087373995658559
    38     36   0.028285538927274128
    39     36   0.07162236273475685
    40     36   0.0010069741983678578
    41     36   0.008646057911071776
    42     36   0.04969189597275692
    43     36   -0.02059156969085193
    44     36   0.04433093083942761
    45     36   0.09989185381402506
    46     36   0.06963688028884833
    47     36   0.07722068759033414
    48     36   0.06654165080233738
    49     36   0.04041872278705522
    50     36   0.010116946113947393
    37     37   -0.6047378893914204
    38     37   0.07556811680534889
    39     37   0.002651819986321116
    40     37   0.00936429138409745
    41     37   -0.016450666759253406
    42     37   0.07664754069830766
    43     37   0.09894156649687239
    44     37   -0.00235597412938585
    45     37   0.08000496994633326
    46     37   -0.06420300212249738
    47     37   0.07509788559496239
    48     37   0.05262588905263199
    49     37   0.18205138078161143
    50     37   0.10352389915776967
    38     38   -6.4874599479524555
    39     38   0.16386098005734415
    40     38   0.3264353300172676
    41     38   0.19383946698681595
    42     38   0.4552407682023154
    43     38   0.2459227627579067
    44     38   0.3662292140924213
    45     38   0.2789188691085153
    46     38   0.06564772464113183
    47     38   0.2524469257377166
    48     38   0.1808161133698358
    49     38   0.47100412300329353
    50     38   0.29137491247667746
    39     39   -2.457649750456238
    40     39   0.03221471890659615
    41     39   -0.03665715571232416
    42     39   0.1855535132553375
    43     39   0.025006733865978927
    44     39   0.15337185038814508
    45     39   0.2570927550777224
    46     39   0.14650450212879523
    47     39   0.21772860018281384
    48     39   0.10576958446222942
    49     39   0.16382853842604306
    50     39   0.06631550040132368
    40     40   -3.9569131454412054
    41     40   0.2196537339071001
    42     40   0.2623467646901683
    43     40   0.11252892422544636
    44     40   0.1929991248673215
    45     40   0.08767897415788861
    46     40   -0.031551065583853136
    47     40   0.07500062178742466
    48     40   0.12919548480750576
    49     40   0.28861756821499557
    50     40   0.1630454865237131
    41     41   -3.2787164894197147
    42     41   0.13017881141560947
    43     41   0.08650797070428945
    44     41   0.11522552150767598
    45     41   -0.01666482424326411
    46     41   -0.041004662007398426
    47     41   -0.029041153935842945
    48     41   0.16150315699532067
    49     41   0.16592123364188724
    50     41   0.14240966503013486
    42     42   -5.572925299610125
    43     42   0.14021276681821257
    44     42   0.2977823215800013
    45     42   0.3243684377601185
    46     42   0.06810415692946262
    47     42   0.2801568132752822
    48     42   0.2022113431823157
    49     42   0.4570779819499714
    50     42   0.21945706681921523
    43     43   -2.678187840995429
    44     43   0.16631030000097066
    45     43   0.03980919799753341
    46     43   0.025719429254230607
    47     43   0.05596909713055987
    48     43   0.018881611164141974
    49     43   0.1434220134770762
    50     43   0.19409707665491913
    44     44   -4.664608495325382
    45     44   0.21721867543761014
    46     44   0.1188466600614837
    47     44   0.19455639203774752
    48     44   0.12221307214721508
    49     44   0.2662236268271919
    50     44   0.18965833206648813
    45     45   -4.052743576601685
    46     45   0.16206544317576743
    47     45   0.3443783528573115
    48     45   0.21032252479820823
    49     45   0.35076397877356547
    50     45   0.13051473547757517
    46     46   -1.4693079953117696
    47     46   0.13767724155275074
    48     46   0.04954779559665539
    49     46   -0.0011029953412806492
    50     46   0.02950676727344631
    47     47   -3.45955167433363
    48     47   0.15875405733422748
    49     47   0.2970716810440609
    50     47   0.11969557716180722
    48     48   -3.456115959430943
    49     48   0.2619043651065308
    50     48   0.11778899053989127
    49     49   -5.785670043554395
    50     49   0.25365582803059683
    50     50   -3.784753085383941
