%%MatrixMarket matrix coordinate real symmetric
%=================================================================================
%
% This ASCII file represents a sparse MxN matrix with L
% nonzeros in the following Matrix Market format:
%
% +----------------------------------------------+
% |%%MatrixMarket matrix coordinate real general | <--- header line
% |%                                             | <--+
% |% comments                                    |    |-- 0 or more comment lines
% |%                                             | <--+
% |    M  N  L                                   | <--- rows, columns, entries
% |    I1  J1  A(I1, J1)                         | <--+
% |    I2  J2  A(I2, J2)                         |    |
% |    I3  J3  A(I3, J3)                         |    |-- L lines
% |        . . .                                 |    |
% |    IL JL  A(IL, JL)                          | <--+
% +----------------------------------------------+
%
% Indices are 1-based, i.e. A(1,1) is the first element.
%
%=================================================================================
  50  50  1275
    1     1   -5.020187561287557
    2     1   0.302288591494634
    3     1   0.11455880176409146
    4     1   0.09317186813520781
    5     1   0.18061848280999881
    6     1   -0.033962681223446166
    7     1   0.07319680006779444
    8     1   0.43420449514094633
    9     1   0.17900038419252431
    10     1   0.03684964992185112
    11     1   0.01646060812829919
    12     1   0.36914492708642144
    13     1   0.23128146729871094
    14     1   0.13544982624327026
    15     1   0.2747384562119501
    16     1   0.31390815725038396
    17     1   0.19572926798802148
    18     1   0.40399692393971737
    19     1   0.22447575723135949
    20     1   0.155656625840389
    21     1   0.1382510254743863
    22     1   0.2932577795632023
    23     1   -0.095807689408524
    24     1   0.14147999899296707
    25     1   0.28268730918407114
    26     1   0.22311047431014117
    27     1   0.20678882335352416
    28     1   0.2839991838961593
    29     1   0.2661766110605072
    30     1   0.1132122065693991
    31     1   0.37056918681502354
    32     1   0.4136577674729005
    33     1   0.19101839846214272
    34     1   0.32044332126027897
    35     1   0.3535691153860864
    36     1   0.311290703190075
    37     1   0.2735680233188644
    38     1   0.18499987126953774
    39     1   0.18609584795796177
    40     1   0.2950482014406971
    41     1   0.27007027174123954
    42     1   0.3297720463294671
    43     1   0.10198746310642542
    44     1   0.10445153276410389
    45     1   0.11163597767843171
    46     1   0.15647174823042476
    47     1   0.1046323008859382
    48     1   0.10979253371231659
    49     1   0.20351031916658308
    50     1   0.09386635986865592
    2     2   -8.646649639058793
    3     2   0.13272594355012868
    4     2   0.2555806496909037
    5     2   0.4330321984118271
    6     2   0.23752513168385755
    7     2   0.36616141785727097
    8     2   0.8776442013326815
    9     2   0.3656070346276706
    10     2   0.22477609236667218
    11     2   0.24898085716512228
    12     2   0.15820124888229362
    13     2   0.4316141292311118
    14     2   0.4606897493144735
    15     2   0.5881385650518135
    16     2   0.32368164586794057
    17     2   0.12929765467550508
    18     2   0.4333678025321053
    19     2   0.2729336055051785
    20     2   0.13067863830669693
    21     2   0.3807230077840545
    22     2   0.9013169556535445
    23     2   0.14128342473569436
    24     2   0.37956476136509365
    25     2   0.44922933818398164
    26     2   0.543834844237234
    27     2   0.45558495953566636
    28     2   0.22151294063546234
    29     2   0.36919423947972213
    30     2   0.1710655979664792
    31     2   0.11813190671883916
    32     2   0.4424148025395882
    33     2   0.2452605377932206
    34     2   0.8246648708999673
    35     2   0.1589792947092486
    36     2   0.7308716562761334
    37     2   0.5640422313231045
    38     2   0.45775427956974724
    39     2   0.006050734342094783
    40     2   0.024650958432427622
    41     2   0.32635065777405514
    42     2   0.7535658751151121
    43     2   0.18225239220112
    44     2   0.2951219992758731
    45     2   0.2954392937637148
    46     2   0.20645155531610562
    47     2   0.4557876009015064
    48     2   0.1700090043965648
    49     2   0.239201520273389
    50     2   0.410062879370956
    3     3   -1.5756804153044732
    4     3   0.036322337714524304
    5     3   0.08918355731012001
    6     3   0.001438929918626713
    7     3   -0.01315870099624818
    8     3   0.16264460816342716
    9     3   0.03713009078865613
    10     3   -0.035192794643873086
    11     3   0.0021012021397859675
    12     3   0.11341803247771086
    13     3   0.06837702197461934
    14     3   0.07336579230407737
    15     3   0.07775915842984726
    16     3   0.06988267580052653
    17     3   0.06491004670131245
    18     3   0.12385656053228501
    19     3   0.01756438431348231
    20     3   0.05568716695207995
    21     3   0.06253293020597826
    22     3   0.09659877280209164
    23     3   -0.02899006368610137
    24     3   0.07105329475780076
    25     3   0.13699633835336966
    26     3   0.05580538277603799
    27     3   0.08493596031831256
    28     3   0.032519317846318486
    29     3   0.11246121116491065
    30     3   0.060557752940494515
    31     3   0.04826755038104477
    32     3   0.06573560925054417
    33     3   0.02558200073269728
    34     3   0.10772968825622836
    35     3   0.0913328290369008
    36     3   0.11132443695003424
    37     3   0.10597556333333558
    38     3   0.0541534567393326
    39     3   0.03879575566203517
    40     3   0.0846161933344126
    41     3   0.11089325111956405
    42     3   0.1232915583557568
    43     3   0.01858307280027067
    44     3   0.09728234492634741
    45     3   0.004530653775202049
    46     3   0.03927459193224785
    47     3   0.010623936992749217
    48     3   0.013574682818294263
    49     3   0.08960569489945132
    50     3   0.03314224663810382
    4     4   -3.047392598953877
    5     4   0.1247220074092769
    6     4   -0.011656632156676323
    7     4   0.18870358207713356
    8     4   0.27362214092328335
    9     4   0.23186304263805396
    10     4   0.138770427773904
    11     4   0.16969721485995076
    12     4   0.19394881580767223
    13     4   0.12491259295871557
    14     4   0.19188889184037677
    15     4   0.17734365766754767
    16     4   0.14405972000482853
    17     4   0.08018940602492439
    18     4   0.1479079957611967
    19     4   0.20968359768331837
    20     4   0.09161060993291187
    21     4   0.06568602047626787
    22     4   0.28803709978209496
    23     4   0.08500591001585875
    24     4   0.18417946467293
    25     4   0.1842747216901829
    26     4   0.24693906500210297
    27     4   0.23479597138832042
    28     4   0.15256851782284117
    29     4   0.03930566985785152
    30     4   0.16554965071870695
    31     4   0.08936705356529512
    32     4   0.08865529051078924
    33     4   0.010497006670442439
    34     4   0.18525008985807445
    35     4   -0.028069896581519545
    36     4   0.2196545458464609
    37     4   0.11337574428479778
    38     4   0.09586679719119058
    39     4   0.13707576657707862
    40     4   -0.03698893953886878
    41     4   0.08615863353461929
    42     4   0.13849107211936723
    43     4   0.025686840630553237
    44     4   0.10067756358957429
    45     4   -0.044919648389192796
    46     4   0.05545533991443422
    47     4   0.05303544774663402
    48     4   -0.08650617352531952
    49     4   0.1348514935498071
    50     4   0.24848715217932352
    5     5   -4.990992485594998
    6     5   -0.030009616214764057
    7     5   0.20917345881239144
    8     5   0.44145654713606364
    9     5   0.19569276842341926
    10     5   0.06176606057825059
    11     5   0.11140524004256282
    12     5   0.22158248289048404
    13     5   0.256463105321347
    14     5   0.28614826332422805
    15     5   0.34198899908251884
    16     5   0.2511035153432791
    17     5   0.08207842262077243
    18     5   0.2587205147321209
    19     5   0.05245709490755309
    20     5   0.13774559108696946
    21     5   0.18337137491157715
    22     5   0.3040620164688443
    23     5   0.09875622697140206
    24     5   0.2724031599801356
    25     5   0.24333754471954686
    26     5   0.4262046138282341
    27     5   0.2413428078203695
    28     5   0.018873417696764042
    29     5   0.2604540424620024
    30     5   0.18233274562565882
    31     5   0.14367632073427117
    32     5   0.25885916985764734
    33     5   0.06806169487533636
    34     5   0.43026744607715095
    35     5   0.1673306330679638
    36     5   0.2869202133499131
    37     5   0.30166912040735716
    38     5   0.25597133914765424
    39     5   0.12217095378283542
    40     5   0.06664030484554964
    41     5   0.2895937809327928
    42     5   0.39638041628524706
    43     5   0.11570091466749455
    44     5   0.18888365973934687
    45     5   0.22687514197948835
    46     5   0.08039401903341029
    47     5   0.15789890616766317
    48     5   0.02462015669617335
    49     5   0.2471608218246855
    50     5   0.21644331320506063
    6     6   0.5616040556490107
    7     6   -0.0812140692611059
    8     6   0.03636852066164665
    9     6   -0.05313959827773115
    10     6   -0.02193673378387894
    11     6   -0.00860031145318763
    12     6   -0.1524067125895787
    13     6   -0.037429946752052565
    14     6   -0.021783592307490697
    15     6   -0.049650091901371526
    16     6   -0.11898722576648481
    17     6   -0.014662417471112433
    18     6   -0.03672605733711567
    19     6   -0.003619201211685861
    20     6   -0.06471754619277642
    21     6   0.04077462496441952
    22     6   0.1437884806142806
    23     6   -0.03522295826516891
    24     6   -0.054394280313745796
    25     6   0.03839615581636504
    26     6   -0.17143315104482132
    27     6   -0.0016100082577768823
    28     6   0.008212293979389723
    29     6   -0.017090760893318933
    30     6   -0.07745154064206497
    31     6   -0.16168212966798767
    32     6   -0.09570432129541898
    33     6   0.024394837108696738
    34     6   0.008854321654646906
    35     6   -0.08358927588610446
    36     6   0.09543168322314027
    37     6   0.021406023214235216
    38     6   -0.01918740446621766
    39     6   -0.15380647715535214
    40     6   -0.04491522946418275
    41     6   -0.07784642077556218
    42     6   0.027570680588568326
    43     6   -0.031945381263404495
    44     6   0.03953465456036546
    45     6   -0.08506740938180964
    46     6   0.01387391028465186
    47     6   0.05434138079472505
    48     6   0.05745172901551956
    49     6   -0.09406470908045692
    50     6   -0.02705757762730418
    7     7   -5.230581937327805
    8     7   0.3409479307579702
    9     7   0.36455043870330406
    10     7   0.3609452202396242
    11     7   0.2527543474498597
    12     7   0.15881034728253818
    13     7   0.29135520742806437
    14     7   0.26993507550143575
    15     7   0.4330694008097607
    16     7   0.3484276310068985
    17     7   -0.002065947496069982
    18     7   0.17000829146072524
    19     7   0.271128565362813
    20     7   0.09973541442042856
    21     7   0.11013091543843531
    22     7   0.35676856824280906
    23     7   0.2558076868738365
    24     7   0.26097840296622576
    25     7   0.0074552669047599635
    26     7   0.6581040296733727
    27     7   0.22355500661054187
    28     7   0.16638194005958115
    29     7   0.06755355004471084
    30     7   0.1457705391963349
    31     7   0.30966800013601836
    32     7   0.4312232535037736
    33     7   0.13162057108755731
    34     7   0.45948422288341134
    35     7   0.06512928944023748
    36     7   0.23875480182891715
    37     7   0.203834348899265
    38     7   0.3099581750348974
    39     7   0.20343723359957416
    40     7   -0.10213807051285732
    41     7   0.1438530483481341
    42     7   0.3173839092469376
    43     7   0.17409944966213026
    44     7   -0.06039870328022482
    45     7   0.3808762885263179
    46     7   0.07824513592729468
    47     7   0.2931767093596408
    48     7   0.014651693463234557
    49     7   0.15602910069474163
    50     7   0.3573050993114116
    8     8   -9.184494861517049
    9     8   0.3987546149644472
    10     8   0.17482606684482974
    11     8   0.21036516627763338
    12     8   0.4282841284698748
    13     8   0.4443541230581065
    14     8   0.44514337615712396
    15     8   0.5837394595426489
    16     8   0.45517571392719514
    17     8   0.21269920544108945
    18     8   0.538933969691604
    19     8   0.3011754136487783
    20     8   0.23000179698517875
    21     8   0.3182662478260283
    22     8   0.7066485913922286
    23     8   0.08467662477202462
    24     8   0.4118643617726429
    25     8   0.4853435987686735
    26     8   0.617839173526361
    27     8   0.4671837857175328
    28     8   0.27514582749823324
    29     8   0.41365968126253067
    30     8   0.272511134008047
    31     8   0.33768550673536907
    32     8   0.5291736017342793
    33     8   0.21685151746635165
    34     8   0.7352560590359901
    35     8   0.31434159105994613
    36     8   0.6278366609837901
    37     8   0.5288298231774063
    38     8   0.41972332934283
    39     8   0.21284416777923457
    40     8   0.18006180890014228
    41     8   0.435196468746388
    42     8   0.6809324257342764
    43     8   0.18545950627884772
    44     8   0.28768904091313763
    45     8   0.26846709944724967
    46     8   0.20902704248890316
    47     8   0.3079674762503071
    48     8   0.093967159913669
    49     8   0.3663303676562501
    50     8   0.3878685637208985
    9     9   -5.2309561040997625
    10     9   0.2586230864018823
    11     9   0.21600184461377747
    12     9   0.267582636177324
    13     9   0.25113050757502137
    14     9   0.2535601360304663
    15     9   0.35390648740871583
    16     9   0.3117750010541584
    17     9   0.08971386134395504
    18     9   0.250667821611265
    19     9   0.30610010021607653
    20     9   0.13067547319654205
    21     9   0.11134897782692676
    22     9   0.38919559333809745
    23     9   0.14005782357312466
    24     9   0.24764223199633914
    25     9   0.16442030959622794
    26     9   0.4833031922387951
    27     9   0.2784405263976341
    28     9   0.24020237375206432
    29     9   0.10225852668595678
    30     9   0.1819908549718914
    31     9   0.28444970484921056
    32     9   0.3430989477306964
    33     9   0.1118908010294806
    34     9   0.37519733764385443
    35     9   0.09161749989611698
    36     9   0.2988937723398283
    37     9   0.2092325849095233
    38     9   0.2309446692687193
    39     9   0.2166961612867077
    40     9   -0.00044730262311231474
    41     9   0.16542949557719866
    42     9   0.28479823675510696
    43     9   0.11503049959126495
    44     9   0.04168553574644131
    45     9   0.16575842877728486
    46     9   0.10329717813912996
    47     9   0.18452925715918375
    48     9   -0.018618058280811107
    49     9   0.1866199688122315
    50     9   0.32375134752488316
    10     10   -3.0114557477200115
    11     10   0.1829184797548931
    12     10   0.06911618056148049
    13     10   0.16008982641115416
    14     10   0.12345271698900025
    15     10   0.24807841024233626
    16     10   0.20891519446300905
    17     10   -0.006437976925000849
    18     10   0.085319568894671
    19     10   0.27044251155839233
    20     10   0.03500281729399917
    21     10   0.0380128579485397
    22     10   0.266617793177004
    23     10   0.15613653467546143
    24     10   0.11527400174662987
    25     10   -0.043344012232554296
    26     10   0.36997140196955886
    27     10   0.1296145925898904
    28     10   0.20236116743631263
    29     10   -0.03671797539399494
    30     10   0.05144709156249761
    31     10   0.22425238001654776
    32     10   0.28991186590157775
    33     10   0.1150412831452955
    34     10   0.245915250546349
    35     10   -0.00013862359478599733
    36     10   0.1558817502927021
    37     10   0.07946474780316462
    38     10   0.1691949121698069
    39     10   0.12305355403482868
    40     10   -0.09214331555345551
    41     10   0.006408648517562974
    42     10   0.14079387665703003
    43     10   0.10079039102583522
    44     10   -0.11284138777253631
    45     10   0.1988658487283209
    46     10   0.06069299404312769
    47     10   0.20555107484217083
    48     10   0.01850047621095686
    49     10   0.03191883546515118
    50     10   0.23609867453783046
    11     11   -2.684156248186711
    12     11   0.09348796341762201
    13     11   0.127534861857743
    14     11   0.17581022611623343
    15     11   0.1947334620191045
    16     11   0.13472526337965424
    17     11   0.0169719573799333
    18     11   0.07886876452573016
    19     11   0.17095920788261468
    20     11   0.055838086012424785
    21     11   0.059188141146578443
    22     11   0.25323691343446064
    23     11   0.13858711116029968
    24     11   0.163896315711795
    25     11   0.07607606283736679
    26     11   0.29879918586012705
    27     11   0.17738719545996395
    28     11   0.09826976372901157
    29     11   0.00752609196960879
    30     11   0.11798985685025365
    31     11   0.07643251457299656
    32     11   0.11622498492043899
    33     11   0.022250767659410444
    34     11   0.20884289610695037
    35     11   -0.05385594208396905
    36     11   0.1697191471497558
    37     11   0.0955378979994187
    38     11   0.1252276132360845
    39     11   0.09890361757344218
    40     11   -0.09895657675103321
    41     11   0.05092851507276053
    42     11   0.13882247505515818
    43     11   0.05153151605915736
    44     11   0.03238268359813132
    45     11   0.06860418439677754
    46     11   0.035993657841089405
    47     11   0.1134437106538061
    48     11   -0.05445099578910817
    49     11   0.0897130768417318
    50     11   0.23904567253119968
    12     12   -5.250315355897035
    13     12   0.24021527531892936
    14     12   0.21615074461203784
    15     12   0.29561412669863557
    16     12   0.3623888064884217
    17     12   0.20735145276060568
    18     12   0.39620590751761015
    19     12   0.24520888350794054
    20     12   0.21445840159772311
    21     12   0.10300699215497684
    22     12   0.23668402266337168
    23     12   -0.01934788609918424
    24     12   0.24168593305944303
    25     12   0.3098122032508777
    26     12   0.3703897088375391
    27     12   0.2807308526514839
    28     12   0.25466421023991265
    29     12   0.2359540637232854
    30     12   0.24186457081067708
    31     12   0.3935120561588674
    32     12   0.35711644304598245
    33     12   0.0965323776649663
    34     12   0.28917070183783317
    35     12   0.2927294672988349
    36     12   0.26422360539319495
    37     12   0.23640909058413662
    38     12   0.17093697261729748
    39     12   0.3146365560621871
    40     12   0.23846360429171576
    41     12   0.30717516552396007
    42     12   0.2739413832679685
    43     12   0.08963426268044562
    44     12   0.1405043956784018
    45     12   0.062470806509669026
    46     12   0.1245310474927929
    47     12   0.02034727220941328
    48     12   -0.031195449399540425
    49     12   0.3008832388176865
    50     12   0.20439939380012714
    13     13   -5.610380922800128
    14     13   0.2498761094759004
    15     13   0.3893530920294929
    16     13   0.32495537543068076
    17     13   0.08770290079432633
    18     13   0.2954080414817341
    19     13   0.17288712219929855
    20     13   0.13306690709807817
    21     13   0.1689746046755324
    22     13   0.34902203781144914
    23     13   0.09685043745598268
    24     13   0.23970844222058613
    25     13   0.1822528361303124
    26     13   0.4751738943442751
    27     13   0.22945622308790126
    28     13   0.14714883515351443
    29     13   0.22916942673045199
    30     13   0.14260015450313113
    31     13   0.28467629051585414
    32     13   0.409406868110327
    33     13   0.15139579154655328
    34     13   0.4614644429211803
    35     13   0.22043587724751032
    36     13   0.3063217772652729
    37     13   0.29691343675773685
    38     13   0.28735288320455143
    39     13   0.16018279972873956
    40     13   0.09209383577126118
    41     13   0.2594147216771728
    42     13   0.4019695185352289
    43     13   0.15064764577637796
    44     13   0.08379773438759107
    45     13   0.296011231271771
    46     13   0.11394316411012057
    47     13   0.22421848196583838
    48     13   0.07745511219304455
    49     13   0.2112656081730365
    50     13   0.22829001213696917
    14     14   -5.028495940299975
    15     14   0.34500126958418476
    16     14   0.24060491841295162
    17     14   0.07367922170390065
    18     14   0.2297490097772457
    19     14   0.1138437121917054
    20     14   0.1345100702891075
    21     14   0.17059112016576755
    22     14   0.36121865079669546
    23     14   0.1450649834438887
    24     14   0.2982929103380993
    25     14   0.2438230504774202
    26     14   0.45911178451078793
    27     14   0.2840554084891445
    28     14   0.04796527429666444
    29     14   0.2013188897764749
    30     14   0.21089393429345524
    31     14   0.1146847603850352
    32     14   0.21563386531789255
    33     14   0.04299019534186184
    34     14   0.4207139356473681
    35     14   0.07870079900796767
    36     14   0.3068898707168236
    37     14   0.2752549691280088
    38     14   0.24601238247127208
    39     14   0.13722482647907747
    40     14   -0.00921546066364528
    41     14   0.2461097940962108
    42     14   0.3643361417935428
    43     14   0.10201714279391474
    44     14   0.18504065848030146
    45     14   0.17440839312514225
    46     14   0.07351896176094418
    47     14   0.15948959818726857
    48     14   -0.027156051604424487
    49     14   0.2398221826442039
    50     14   0.29110339134255675
    15     15   -7.422914456005618
    16     15   0.43404672256277
    17     15   0.09721398926273868
    18     15   0.3696977771146802
    19     15   0.23953566010616206
    20     15   0.16973741706348566
    21     15   0.222577585471452
    22     15   0.4776886981588705
    23     15   0.16316923661832358
    24     15   0.32907791991845187
    25     15   0.21574790250429296
    26     15   0.6717973665956175
    27     15   0.30811328018194495
    28     15   0.18896553574075145
    29     15   0.28277777969327705
    30     15   0.19074463510142584
    31     15   0.3711450322778575
    32     15   0.5463064561445821
    33     15   0.19774591367025887
    34     15   0.6283102857985117
    35     15   0.2618077618907206
    36     15   0.4045829231333633
    37     15   0.38813495116963537
    38     15   0.394408717466289
    39     15   0.2120534476497157
    40     15   0.08134352895745453
    41     15   0.32884291712425784
    42     15   0.5337221946465701
    43     15   0.20697802808377574
    44     15   0.09408055423249959
    45     15   0.4174824900822871
    46     15   0.14515627422260136
    47     15   0.31976761538547904
    48     15   0.09516903186784417
    49     15   0.27291034301263056
    50     15   0.33117448622347356
    16     16   -6.295953996318278
    17     16   0.12455291877931042
    18     16   0.3658499058632929
    19     16   0.26164038039049436
    20     16   0.174170230158804
    21     16   0.1450532652596139
    22     16   0.32201431428718247
    23     16   0.08551106769009702
    24     16   0.24948534175473344
    25     16   0.17056530198874448
    26     16   0.5590291660873409
    27     16   0.24254545117511853
    28     16   0.2446710325794914
    29     16   0.2348406931337604
    30     16   0.16940473031860212
    31     16   0.4545396726666391
    32     16   0.5399732917603163
    33     16   0.1903916197213499
    34     16   0.46795146461308845
    35     16   0.30962809088296156
    36     16   0.29426210633850336
    37     16   0.2935396885262153
    38     16   0.30440415725489206
    39     16   0.2679846592259968
    40     16   0.16025749306438578
    41     16   0.2932727740149986
    42     16   0.3952740444946627
    43     16   0.1775874111423989
    44     16   0.027678543392385395
    45     16   0.3355729142672639
    46     16   0.13747058513925
    47     16   0.2165910644177728
    48     16   0.07611374193382586
    49     16   0.24992512175904297
    50     16   0.24549263332780494
    17     17   -2.2371984908108615
    18     17   0.19493951543859805
    19     17   0.11661157433750523
    20     17   0.08432450687205868
    21     17   0.0575674788431784
    22     17   0.14589110683671652
    23     17   -0.06028259637678751
    24     17   0.07777226201989605
    25     17   0.18332048598344267
    26     17   0.06316423928089891
    27     17   0.12765827872118232
    28     17   0.14223504496039413
    29     17   0.11620904356178079
    30     17   0.08412536408229633
    31     17   0.14038543446300214
    32     17   0.12899007602008625
    33     17   0.05728030986223961
    34     17   0.10998748282365185
    35     17   0.13509393503259332
    36     17   0.15685231254985268
    37     17   0.1152442048795769
    38     17   0.05223397898290223
    39     17   0.09919233550319484
    40     17   0.13790944726618826
    41     17   0.12365220859584324
    42     17   0.12483472249099704
    43     17   0.019996254987121438
    44     17   0.09045046740559301
    45     17   -0.039291365491947325
    46     17   0.07020306526095517
    47     17   0.0001966236830386639
    48     17   0.008979195584464054
    49     17   0.11116122248964344
    50     17   0.05858480108735342
    18     18   -6.256114151109001
    19     18   0.24303167676345347
    20     18   0.18238984122023888
    21     18   0.18223265089350224
    22     18   0.3896896442001343
    23     18   -0.02899782459937095
    24     18   0.2283442502990868
    25     18   0.326343834124106
    26     18   0.3667535182153312
    27     18   0.27987207590114266
    28     18   0.2712622968449013
    29     18   0.3028940286720476
    30     18   0.16959020889816212
    31     18   0.3737453980928308
    32     18   0.4517832771268321
    33     18   0.18950688855073344
    34     18   0.43713607786154635
    35     18   0.34050192124956724
    36     18   0.38318080824881573
    37     18   0.3387585389325394
    38     18   0.2551285002457115
    39     18   0.211802177145079
    40     18   0.25359776453984234
    41     18   0.3218177623230505
    42     18   0.4221834013829559
    43     18   0.13005126736406158
    44     18   0.14831392723280445
    45     18   0.17201614486746647
    46     18   0.1650368316330958
    47     18   0.1578245395789343
    48     18   0.092558164054225
    49     18   0.25980635452932554
    50     18   0.1873000422883825
    19     19   -4.025602756937201
    20     19   0.0871773697459037
    21     19   0.04942545664061766
    22     19   0.3791981053742467
    23     19   0.03487039029590514
    24     19   0.11118217590012647
    25     19   0.12154379285088897
    26     19   0.2666108751614702
    27     19   0.2179006219203352
    28     19   0.39744680909662955
    29     19   0.0095663793211863
    30     19   0.0890857982942605
    31     19   0.331652555040415
    32     19   0.34322827049849636
    33     19   0.16650582013486911
    34     19   0.22706998136885428
    35     19   0.09379221611160621
    36     19   0.2775029128876469
    37     19   0.11880354221378485
    38     19   0.13504850863455084
    39     19   0.19100568163138082
    40     19   0.05408600597018554
    41     19   0.04465683531453501
    42     19   0.1556673318096564
    43     19   0.07507998417608963
    44     19   -0.0556255228777909
    45     19   0.03160200576390658
    46     19   0.12707246364246982
    47     19   0.15073041796112668
    48     19   0.021121250921235065
    49     19   0.07304953778367004
    50     19   0.2390878936917032
    20     20   -2.823371363484661
    21     20   0.07023605939598779
    22     20   0.13265245448203264
    23     20   0.018867260925943766
    24     20   0.14140822297171138
    25     20   0.15143634320570917
    26     20   0.22011642166580775
    27     20   0.14364216782601605
    28     20   0.08091757485960008
    29     20   0.13207424744204882
    30     20   0.12369244469246345
    31     20   0.16037050614501586
    32     20   0.16891775849516288
    33     20   0.04019285220874898
    34     20   0.18345959173248294
    35     20   0.13003426239154564
    36     20   0.1404833844847924
    37     20   0.138816041236824
    38     20   0.10968300622593248
    39     20   0.13523028944648505
    40     20   0.08995934007929657
    41     20   0.16524074010882714
    42     20   0.17037914853001654
    43     20   0.05389533532823033
    44     20   0.08708483219455056
    45     20   0.07013295958365996
    46     20   0.05482808039594238
    47     20   0.03498840377475957
    48     20   -0.0116454954780879
    49     20   0.15633910240436716
    50     20   0.11555997233320396
    21     21   -3.396001099255323
    22     21   0.26130215203836143
    23     21   0.037415580311476626
    24     21   0.15060077411608036
    25     21   0.17264057659077842
    26     21   0.2224221820812323
    27     21   0.15310814586723331
    28     21   0.04252928549923842
    29     21   0.18043126032399176
    30     21   0.07959615313684519
    31     21   0.0763270123801529
    32     21   0.18407567978171316
    33     21   0.08163891968376294
    34     21   0.3046467829621121
    35     21   0.11848496761184035
    36     21   0.23520549757927572
    37     21   0.22050459315002638
    38     21   0.17485686810863002
    39     21   0.030214228977208827
    40     21   0.05749364256175241
    41     21   0.17276747723381913
    42     21   0.29016357209467614
    43     21   0.07647489898368387
    44     21   0.12415974621478515
    45     21   0.14406959820663529
    46     21   0.07117765011337791
    47     21   0.1404272201894982
    48     21   0.06349942097161676
    49     21   0.12732633474838365
    50     21   0.12049063948863627
    22     22   -7.487022647436189
    23     22   0.11021909776372905
    24     22   0.3093637837013062
    25     22   0.36719941522521554
    26     22   0.4693459533113283
    27     22   0.41432705126204694
    28     22   0.3285899217464089
    29     22   0.23167356190674704
    30     22   0.17507957458129422
    31     22   0.21408498315565805
    32     22   0.40865483477774484
    33     22   0.21242149763409346
    34     22   0.615998152166879
    35     22   0.12146658617711452
    36     22   0.6003097241341704
    37     22   0.4075932862432136
    38     22   0.3410791539255623
    39     22   0.10681127824096998
    40     22   0.03016147557289076
    41     22   0.22860624700282728
    42     22   0.5380320893988743
    43     22   0.1386743097746167
    44     22   0.18338248710564298
    45     22   0.16039478799330317
    46     22   0.18701167832705673
    47     22   0.33708325429505337
    48     22   0.08769933683734063
    49     22   0.20030334665648922
    50     22   0.3935886748370792
    23     23   -1.4700375543710047
    24     23   0.13578106061673803
    25     23   -0.04404654914591064
    26     23   0.31307135124124746
    27     23   0.08212207339893404
    28     23   -0.04891274889746229
    29     23   -0.01424769087737098
    30     23   0.07581857112473717
    31     23   0.010317811160700479
    32     23   0.06994102174238002
    33     23   -0.015697217146018287
    34     23   0.17653220350991383
    35     23   -0.08443556507487766
    36     23   0.04756172637064692
    37     23   0.052085775792150645
    38     23   0.12253864268758333
    39     23   0.04931684523307908
    40     23   -0.15698317460638905
    41     23   0.029483881425881573
    42     23   0.10122150276693662
    43     23   0.06051646032178522
    44     23   -0.011001197306662179
    45     23   0.16986372299965719
    46     23   -0.01379917293617834
    47     23   0.11679998403367224
    48     23   -0.0462520372313878
    49     23   0.05647602788595405
    50     23   0.18237142080435678
    24     24   -4.810896669482274
    25     24   0.22820857855435558
    26     24   0.45583004049119946
    27     24   0.2687966252965256
    28     24   0.04974914745668307
    29     24   0.1936823777527732
    30     24   0.21507538274384902
    31     24   0.1429160758052052
    32     24   0.21953164119731647
    33     24   0.03535850341834972
    34     24   0.3867796408093778
    35     24   0.09445116504663092
    36     24   0.2703554262126499
    37     24   0.2530692703009047
    38     24   0.22981857033069616
    39     24   0.16260750414505748
    40     24   0.008052008657022101
    41     24   0.24769420674060777
    42     24   0.3328967045473351
    43     24   0.09926215325621646
    44     24   0.16889310342786193
    45     24   0.16952919411147016
    46     24   0.06791485398337102
    47     24   0.13195773870378194
    48     24   -0.03852943876438295
    49     24   0.2455663345293721
    50     24   0.2756817396452442
    25     25   -4.412256744002421
    26     25   0.16288581479368422
    27     25   0.299642106705786
    28     25   0.13208386290206237
    29     25   0.25907455578469146
    30     25   0.20144380606012768
    31     25   0.08040258470764368
    32     25   0.1189016394601972
    33     25   0.0457728853692643
    34     25   0.2961157989454049
    35     25   0.15268758241218514
    36     25   0.36305082931721117
    37     25   0.28052295691539325
    38     25   0.13674846570647867
    39     25   0.10931871964192066
    40     25   0.15913913635900934
    41     25   0.26330754482685614
    42     25   0.32216922174756824
    43     25   0.028901136922314656
    44     25   0.2925864086871107
    45     25   -0.0757435851102679
    46     25   0.10918043592026636
    47     25   0.030915535017852144
    48     25   -0.01576467147851109
    49     25   0.24168864625983993
    50     25   0.1757616645685279
    26     26   -8.508238382505379
    27     26   0.36754596913645193
    28     26   0.1489970388001376
    29     26   0.2779341629424939
    30     26   0.29089331977792476
    31     26   0.46718894018835777
    32     26   0.6421793910962116
    33     26   0.16790276477208657
    34     26   0.7401921755728351
    35     26   0.24419939991093054
    36     26   0.37986382246827677
    37     26   0.4075322542602217
    38     26   0.48684487581573666
    39     26   0.33649196472888415
    40     26   -0.0067430748816313234
    41     26   0.39105491605834836
    42     26   0.5819551718405672
    43     26   0.2648315750398756
    44     26   0.06448968404642072
    45     26   0.5774993565038412
    46     26   0.12550497953869677
    47     26   0.3651700111389858
    48     26   0.023826894051874353
    49     26   0.3664204456094503
    50     26   0.47652019759887737
    27     27   -5.110090040406019
    28     27   0.1718107268845224
    29     27   0.1769138515477224
    30     27   0.21233487509494808
    31     27   0.1577105429253673
    32     27   0.21694659235275596
    33     27   0.06574602697915037
    34     27   0.36554817934132966
    35     27   0.08806182227060225
    36     27   0.3515255454789502
    37     27   0.25633723924446017
    38     27   0.20040979981747103
    39     27   0.16321901998475563
    40     27   0.04055834611191554
    41     27   0.2168209384287225
    42     27   0.322050558075552
    43     27   0.07482872676708498
    44     27   0.1837266828545724
    45     27   0.05127079894655312
    46     27   0.10219679535873073
    47     27   0.12315934257249417
    48     27   -0.03540640670330233
    49     27   0.22574720945869234
    50     27   0.2911269144637634
    28     28   -3.5706561072914633
    29     28   0.03727678570804432
    30     28   0.045220299800103635
    31     28   0.3551695734955672
    32     28   0.3557715224833238
    33     28   0.19422758577172006
    34     28   0.177315339001448
    35     28   0.16656337054827483
    36     28   0.25982030601372624
    37     28   0.11426406383746741
    38     28   0.10213038825924625
    39     28   0.16942530391958305
    40     28   0.14343680315708457
    41     28   0.04937864629915098
    42     28   0.13861529178685422
    43     28   0.06430094516538316
    44     28   -0.06078583786349248
    45     28   0.0028822600189377197
    46     28   0.14004930546035987
    47     28   0.12036855339789526
    48     28   0.06735519837641638
    49     28   0.05165536334513254
    50     28   0.14670055408511062
    29     29   -4.465266984552566
    30     29   0.12329083917274522
    31     29   0.17982963897588544
    32     29   0.2867923121704826
    33     29   0.10874886403507744
    34     29   0.37655213091019973
    35     29   0.27966753677742967
    36     29   0.26376814363049883
    37     29   0.3061808306996489
    38     29   0.22087960943019816
    39     29   0.092379411470503
    40     29   0.19517782541590445
    41     29   0.30917357434436726
    42     29   0.38807231802286607
    43     29   0.10696705327552283
    44     29   0.18618583096900973
    45     29   0.20690333114977427
    46     29   0.09875257692953339
    47     29   0.12220316434066666
    48     29   0.09448679844527487
    49     29   0.22521303722967176
    50     29   0.08698483686597933
    30     30   -3.1051874773411434
    31     30   0.10068794854040737
    32     30   0.09568471669391863
    33     30   -0.018701391646908504
    34     30   0.20295449989725048
    35     30   0.052585347851368786
    36     30   0.16633998015076054
    37     30   0.14583790996057552
    38     30   0.11431507837160096
    39     30   0.1616674326498769
    40     30   0.022091009370758277
    41     30   0.18040147690102856
    42     30   0.17637584180457913
    43     30   0.04062689058485315
    44     30   0.14903330512984467
    45     30   0.02394336647406218
    46     30   0.03884813230709873
    47     30   0.013847907624672653
    48     30   -0.08802754357995189
    49     30   0.2041507146508868
    50     30   0.20198177869085684
    31     31   -5.407256102332637
    32     31   0.6263602579721057
    33     31   0.24551388661859247
    34     31   0.3543963799813921
    35     31   0.3874603190475008
    36     31   0.20963024607267222
    37     31   0.2140981523274553
    38     31   0.24952101022690315
    39     31   0.30744930161177936
    40     31   0.24467932609813928
    41     31   0.23680644238172455
    42     31   0.2891986858534951
    43     31   0.17619759793978976
    44     31   -0.09918370281743494
    45     31   0.3260154273989373
    46     31   0.15104326749449223
    47     31   0.18455356760129096
    48     31   0.11722939042063651
    49     31   0.18850851777562716
    50     31   0.15486931872308404
    32     32   -7.536261327316138
    33     32   0.3343934459785683
    34     32   0.6075186410107868
    35     32   0.4532148285218734
    36     32   0.3630681460556345
    37     32   0.3701499631706932
    38     32   0.40509439688394394
    39     32   0.26868864999438
    40     32   0.23809607217711257
    41     32   0.3207532147000032
    42     32   0.5154594539346314
    43     32   0.2538446890437392
    44     32   -0.06814701132680637
    45     32   0.5246659140746742
    46     32   0.19560139658255477
    47     32   0.3589220019213423
    48     32   0.21579694053252352
    49     32   0.22212225076346379
    50     32   0.22383277223851308
    33     33   -2.946057818306119
    34     33   0.2388668784204248
    35     33   0.19444523363290242
    36     33   0.1801843748381156
    37     33   0.15307680206076577
    38     33   0.1535993844253702
    39     33   0.0556526054815666
    40     33   0.11941568548538328
    41     33   0.0921320999714431
    42     33   0.212424548919445
    43     33   0.09742760240812082
    44     33   -0.04845395401564001
    45     33   0.19124519838407242
    46     33   0.09888656841174803
    47     33   0.17415955655417864
    48     33   0.1413021079608439
    49     33   0.03531100170652163
    50     33   0.050102985767023184
    34     34   -8.726361443322975
    35     34   0.30434109246817376
    36     34   0.5260912425956508
    37     34   0.5037761185991387
    38     34   0.479829160241023
    39     34   0.1757227850990786
    40     34   0.09675924881854271
    41     34   0.40119134802112244
    42     34   0.6885015937856442
    43     34   0.24029545860014778
    44     34   0.16597042749701282
    45     34   0.4922453358061866
    46     34   0.1760068935581183
    47     34   0.40443689991433696
    48     34   0.14822289423875426
    49     34   0.31132528392799896
    50     34   0.3674208321182477
    35     35   -4.107145474641934
    36     35   0.18202675495488296
    37     35   0.24813656103694842
    38     35   0.1994148473544884
    39     35   0.15817899143152056
    40     35   0.30689685158848384
    41     35   0.2799319964926203
    42     35   0.31535634165052484
    43     35   0.13226317174451313
    44     35   0.034122215131088075
    45     35   0.26628329242115323
    46     35   0.12406229930881736
    47     35   0.11851107725647776
    48     35   0.1610606545524877
    49     35   0.17825501485192277
    50     35   -0.0027736532574404726
    36     36   -6.635712590234421
    37     36   0.37727307826199263
    38     36   0.2896847252152465
    39     36   0.11062971500709728
    40     36   0.10607270108141212
    41     36   0.2593215109356007
    42     36   0.48524078036409984
    43     36   0.11924802449917613
    44     36   0.19978570738753326
    45     36   0.13595252121981477
    46     36   0.1664959495486782
    47     36   0.24988595219735846
    48     36   0.08479861226913939
    49     36   0.215257726884346
    50     36   0.29209733727520804
    37     37   -5.900897187267892
    38     37   0.29620699804237605
    39     37   0.10624983575509198
    40     37   0.13655583384716452
    41     37   0.30802438920414105
    42     37   0.47570976453132413
    43     37   0.13993350129361615
    44     37   0.17912571685568898
    45     37   0.2595405422936159
    46     37   0.12864971882377466
    47     37   0.2230044737846748
    48     37   0.10467884308845124
    49     37   0.23348762894169653
    50     37   0.20137770011418016
    38     38   -5.356330724003698
    39     38   0.12050095039554158
    40     38   0.05547967911089449
    41     38   0.2426298037462673
    42     38   0.4127607522689904
    43     38   0.1606458264788934
    44     38   0.06486549976628778
    45     38   0.34970601129720197
    46     38   0.10248191294236071
    47     38   0.2585054162347127
    48     38   0.09840624339395646
    49     38   0.18528717981260212
    50     38   0.21860405211014908
    39     39   -3.2964546299379602
    40     39   0.09736702352388239
    41     39   0.16675203866254026
    42     39   0.13178337979762147
    43     39   0.07580008281095811
    44     39   0.013135267081750761
    45     39   0.1020164701974375
    46     39   0.06311991184857449
    47     39   0.0285147904953748
    48     39   -0.046482796713222134
    49     39   0.18480652214269294
    50     39   0.17094193794811716
    40     40   -1.9747384070200606
    41     40   0.17952602731365022
    42     40   0.1476829860383793
    43     40   0.0442780044646406
    44     40   0.05543820769389111
    45     40   0.04317870385055196
    46     40   0.08957490319282174
    47     40   -0.00951556187799446
    48     40   0.1039204114062305
    49     40   0.10885796917392494
    50     40   -0.08109484845171125
    41     41   -5.043098116574693
    42     41   0.39203557206987405
    43     41   0.12099296667224192
    44     41   0.18396786144113372
    45     41   0.2303717500685203
    46     41   0.09609302203628897
    47     41   0.1144691930762369
    48     41   0.04912046189486951
    49     41   0.27580924978978627
    50     41   0.15035910604210176
    42     42   -7.725193908695944
    43     42   0.2011012179855125
    44     42   0.20160283288466496
    45     42   0.401230774818651
    46     42   0.16455676105316427
    47     42   0.33086347203832334
    48     42   0.15135990394843332
    49     42   0.291539961705628
    50     42   0.2763163024640432
    43     43   -2.708438703121966
    44     43   -0.009063130147778566
    45     43   0.2216104287294899
    46     43   0.05367671025081443
    47     43   0.14150093555333082
    48     43   0.06855995111959348
    49     43   0.08517351002464452
    50     43   0.09294270958904118
    44     44   -2.055113470795013
    45     44   -0.08311126638975147
    46     44   0.030688058618714178
    47     44   -0.024476085874500488
    48     44   -0.049124564800985045
    49     44   0.17149193391283124
    50     44   0.09512820124033644
    45     45   -4.421898644665173
    46     45   0.07098341656118767
    47     45   0.327080412411977
    48     45   0.17881331825402147
    49     45   0.13335063403584657
    50     45   0.13053413332178784
    46     46   -2.490400591488765
    47     46   0.0902151661336955
    48     46   0.0588357534286182
    49     46   0.06951301777379493
    50     46   0.07254157359800652
    47     47   -4.032752915566979
    48     47   0.1374706094467023
    49     47   0.0599764092765202
    50     47   0.17035301475739117
    48     48   -1.1958151260663203
    49     48   -0.02716595588898862
    50     48   -0.06245178604848801
    49     49   -4.290255422821877
    50     49   0.1870163269418513
    50     50   -4.739666397516233
